LST	all	br	grey	dark
5.883333333333334	0.0	0.0	0.0	0.0
5.9	0.0	0.0	0.0	0.0
5.916666666666667	0.0	0.0	0.0	0.0
5.933333333333334	0.0	0.0	0.0	0.0
5.95	0.0	0.0	0.0	0.0
5.966666666666667	0.0	0.0	0.0	0.0
5.983333333333333	0.0	0.0	0.0	0.0
6.0	0.0	0.0	0.0	0.0
6.016666666666667	0.0	0.0	0.0	0.0
6.033333333333333	0.0	0.0	0.0	0.0
6.05	0.0	0.0	0.0	0.0
6.066666666666666	0.0	0.0	0.0	0.0
6.083333333333333	0.0	0.0	0.0	0.0
6.1	0.0	0.0	0.0	0.0
6.116666666666666	0.0	0.0	0.0	0.0
6.133333333333333	0.0	0.0	0.0	0.0
6.15	0.0	0.0	0.0	0.0
6.166666666666667	0.0	0.0	0.0	0.0
6.183333333333334	0.0	0.0	0.0	0.0
6.2	0.0	0.0	0.0	0.0
6.216666666666667	0.0	0.0	0.0	0.0
6.233333333333333	0.0	0.0	0.0	0.0
6.25	0.0	0.0	0.0	0.0
6.266666666666667	0.0	0.0	0.0	0.0
6.283333333333333	0.0	0.0	0.0	0.0
6.3	0.0	0.0	0.0	0.0
6.316666666666666	0.0	0.0	0.0	0.0
6.333333333333333	0.0	0.0	0.0	0.0
6.35	0.0	0.0	0.0	0.0
6.366666666666666	0.0	0.0	0.0	0.0
6.383333333333333	0.0	0.0	0.0	0.0
6.4	0.0	0.0	0.0	0.0
6.416666666666666	0.0	0.0	0.0	0.0
6.433333333333334	0.0	0.0	0.0	0.0
6.45	0.0	0.0	0.0	0.0
6.466666666666667	0.0	0.0	0.0	0.0
6.483333333333333	0.0	0.0	0.0	0.0
6.5	0.0	0.0	0.0	0.0
6.516666666666667	0.0	0.0	0.0	0.0
6.533333333333333	0.0	0.0	0.0	0.0
6.55	0.0	0.0	0.0	0.0
6.566666666666666	0.0	0.0	0.0	0.0
6.583333333333333	0.0	0.0	0.0	0.0
6.6	0.0	0.0	0.0	0.0
6.616666666666666	0.0	0.0	0.0	0.0
6.633333333333333	0.0	0.0	0.0	0.0
6.6499999999999995	0.0	0.0	0.0	0.0
6.666666666666666	0.0	0.0	0.0	0.0
6.683333333333334	0.0	0.0	0.0	0.0
6.699999999999999	0.0	0.0	0.0	0.0
6.716666666666667	0.0	0.0	0.0	0.0
6.733333333333333	0.0	0.0	0.0	0.0
6.75	0.0	0.0	0.0	0.0
6.766666666666667	0.0	0.0	0.0	0.0
6.783333333333333	0.0	0.0	0.0	0.0
6.8	0.0	0.0	0.0	0.0
6.816666666666666	0.0	0.0	0.0	0.0
6.833333333333333	0.0	0.0	0.0	0.0
6.85	0.0	0.0	0.0	0.0
6.866666666666666	0.0	0.0	0.0	0.0
6.883333333333333	0.0	0.0	0.0	0.0
6.8999999999999995	0.0	0.0	0.0	0.0
6.916666666666666	0.0	0.0	0.0	0.0
6.933333333333334	0.0	0.0	0.0	0.0
6.949999999999999	0.0	0.0	0.0	0.0
6.966666666666667	0.0	0.0	0.0	0.0
6.9833333333333325	0.0	0.0	0.0	0.0
7.0	0.0	0.0	0.0	0.0
7.016666666666667	0.0	0.0	0.0	0.0
7.033333333333333	0.0	0.0	0.0	0.0
7.05	0.0	0.0	0.0	0.0
7.066666666666666	0.0	0.0	0.0	0.0
7.083333333333333	0.0	0.0	0.0	0.0
7.1	0.0	0.0	0.0	0.0
7.116666666666666	0.0	0.0	0.0	0.0
7.133333333333333	0.0	0.0	0.0	0.0
7.1499999999999995	0.0	0.0	0.0	0.0
7.166666666666666	0.0	0.0	0.0	0.0
7.183333333333334	0.0	0.0	0.0	0.0
7.199999999999999	0.0	0.0	0.0	0.0
7.216666666666667	0.0	0.0	0.0	0.0
7.2333333333333325	0.0	0.0	0.0	0.0
7.25	0.0	0.0	0.0	0.0
7.266666666666667	0.0	0.0	0.0	0.0
7.283333333333333	0.0	0.0	0.0	0.0
7.3	0.0	0.0	0.0	0.0
7.316666666666666	0.0	0.0	0.0	0.0
7.333333333333333	0.0	0.0	0.0	0.0
7.35	0.0	0.0	0.0	0.0
7.366666666666666	0.0	0.0	0.0	0.0
7.383333333333333	0.0	0.0	0.0	0.0
7.3999999999999995	0.0	0.0	0.0	0.0
7.416666666666666	0.0	0.0	0.0	0.0
7.433333333333333	0.0	0.0	0.0	0.0
7.449999999999999	0.0	0.0	0.0	0.0
7.466666666666667	0.0	0.0	0.0	0.0
7.4833333333333325	0.0	0.0	0.0	0.0
7.5	0.0	0.0	0.0	0.0
7.516666666666666	0.0	0.0	0.0	0.0
7.533333333333333	0.0	0.0	0.0	0.0
7.55	0.0	0.0	0.0	0.0
7.566666666666666	0.0	0.0	0.0	0.0
7.583333333333333	0.0	0.0	0.0	0.0
7.6	0.0	0.0	0.0	0.0
7.616666666666666	0.0	0.0	0.0	0.0
7.633333333333333	0.0	0.0	0.0	0.0
7.6499999999999995	0.0	0.0	0.0	0.0
7.666666666666666	0.0	0.0	0.0	0.0
7.683333333333333	0.0	0.0	0.0	0.0
7.699999999999999	0.0	0.0	0.0	0.0
7.716666666666667	0.0	0.0	0.0	0.0
7.7333333333333325	0.0	0.0	0.0	0.0
7.75	0.0	0.0	0.0	0.0
7.766666666666666	0.0	0.0	0.0	0.0
7.783333333333333	0.0	0.0	0.0	0.0
7.8	0.0	0.0	0.0	0.0
7.816666666666666	0.0	0.0	0.0	0.0
7.833333333333333	0.0	0.0	0.0	0.0
7.85	0.0	0.0	0.0	0.0
7.866666666666666	0.0	0.0	0.0	0.0
7.883333333333333	0.0	0.0	0.0	0.0
7.8999999999999995	0.0	0.0	0.0	0.0
7.916666666666666	0.0	0.0	0.0	0.0
7.933333333333333	0.0	0.0	0.0	0.0
7.949999999999999	0.0	0.0	0.0	0.0
7.966666666666667	0.0	0.0	0.0	0.0
7.9833333333333325	0.0	0.0	0.0	0.0
8.0	0.0	0.0	0.0	0.0
8.016666666666666	0.0	0.0	0.0	0.0
8.033333333333333	0.0	0.0	0.0	0.0
8.049999999999999	0.0	0.0	0.0	0.0
8.066666666666666	0.0	0.0	0.0	0.0
8.083333333333332	0.0	0.0	0.0	0.0
8.1	0.0	0.0	0.0	0.0
8.116666666666667	0.0	0.0	0.0	0.0
8.133333333333333	0.0	0.0	0.0	0.0
8.149999999999999	0.0	0.0	0.0	0.0
8.166666666666666	0.0	0.0	0.0	0.0
8.183333333333334	0.0	0.0	0.0	0.0
8.2	0.0	0.0	0.0	0.0
8.216666666666667	0.0	0.0	0.0	0.0
8.233333333333333	0.0	0.0	0.0	0.0
8.25	0.0	0.0	0.0	0.0
8.266666666666666	0.0	0.0	0.0	0.0
8.283333333333333	0.0	0.0	0.0	0.0
8.299999999999999	0.0	0.0	0.0	0.0
8.316666666666666	0.0	0.0	0.0	0.0
8.333333333333332	0.0	0.0	0.0	0.0
8.35	0.0	0.0	0.0	0.0
8.366666666666667	0.0	0.0	0.0	0.0
8.383333333333333	0.0	0.0	0.0	0.0
8.399999999999999	0.0	0.0	0.0	0.0
8.416666666666666	0.0	0.0	0.0	0.0
8.433333333333334	0.0	0.0	0.0	0.0
8.45	0.0	0.0	0.0	0.0
8.466666666666665	0.0	0.0	0.0	0.0
8.483333333333333	0.0	0.0	0.0	0.0
8.5	0.0	0.0	0.0	0.0
8.516666666666666	0.0	0.0	0.0	0.0
8.533333333333333	0.0	0.0	0.0	0.0
8.549999999999999	0.0	0.0	0.0	0.0
8.566666666666666	0.0	0.0	0.0	0.0
8.583333333333332	0.0	0.0	0.0	0.0
8.6	0.0	0.0	0.0	0.0
8.616666666666665	0.0	0.0	0.0	0.0
8.633333333333333	0.0	0.0	0.0	0.0
8.649999999999999	0.0	0.0	0.0	0.0
8.666666666666666	0.0	0.0	0.0	0.0
8.683333333333334	0.0	0.0	0.0	0.0
8.7	0.0	0.0	0.0	0.0
8.716666666666665	0.0	0.0	0.0	0.0
8.733333333333333	0.0	0.0	0.0	0.0
8.75	0.0	0.0	0.0	0.0
8.766666666666666	0.0	0.0	0.0	0.0
8.783333333333333	0.0	0.0	0.0	0.0
8.799999999999999	0.0	0.0	0.0	0.0
8.816666666666666	0.0	0.0	0.0	0.0
8.833333333333332	0.0	0.0	0.0	0.0
8.85	0.0	0.0	0.0	0.0
8.866666666666665	0.0	0.0	0.0	0.0
8.883333333333333	0.0	0.0	0.0	0.0
8.899999999999999	0.0	0.0	0.0	0.0
8.916666666666666	0.0	0.0	0.0	0.0
8.933333333333334	0.0	0.0	0.0	0.0
8.95	0.0	0.0	0.0	0.0
8.966666666666665	0.0	0.0	0.0	0.0
8.983333333333333	0.0	0.0	0.0	0.0
9.0	0.0	0.0	0.0	0.0
9.016666666666666	0.0	0.0	0.0	0.0
9.033333333333333	0.0	0.0	0.0	0.0
9.049999999999999	0.0	0.0	0.0	0.0
9.066666666666666	0.0	0.0	0.0	0.0
9.083333333333332	0.0	0.0	0.0	0.0
9.1	0.0	0.0	0.0	0.0
9.116666666666665	0.0	0.0	0.0	0.0
9.133333333333333	0.0	0.0	0.0	0.0
9.149999999999999	0.0	0.0	0.0	0.0
9.166666666666666	0.0	0.0	0.0	0.0
9.183333333333334	0.0	0.0	0.0	0.0
9.2	0.0	0.0	0.0	0.0
9.216666666666665	0.0	0.0	0.0	0.0
9.233333333333333	0.0	0.0	0.0	0.0
9.25	0.0	0.0	0.0	0.0
9.266666666666666	0.0	0.0	0.0	0.0
9.283333333333333	0.0	0.0	0.0	0.0
9.299999999999999	0.0	0.0	0.0	0.0
9.316666666666666	0.0	0.0	0.0	0.0
9.333333333333332	0.0	0.0	0.0	0.0
9.35	0.0	0.0	0.0	0.0
9.366666666666665	0.0	0.0	0.0	0.0
9.383333333333333	0.0	0.0	0.0	0.0
9.399999999999999	0.0	0.0	0.0	0.0
9.416666666666666	0.0	0.0	0.0	0.0
9.433333333333334	0.0	0.0	0.0	0.0
9.45	0.0	0.0	0.0	0.0
9.466666666666665	0.0	0.0	0.0	0.0
9.483333333333333	0.0	0.0	0.0	0.0
9.5	0.0	0.0	0.0	0.0
9.516666666666666	0.0	0.0	0.0	0.0
9.533333333333331	0.0	0.0	0.0	0.0
9.549999999999999	0.0	0.0	0.0	0.0
9.566666666666666	0.0	0.0	0.0	0.0
9.583333333333332	0.0	0.0	0.0	0.0
9.6	0.0	0.0	0.0	0.0
9.616666666666665	0.0	0.0	0.0	0.0
9.633333333333333	0.0	0.0	0.0	0.0
9.649999999999999	0.0	0.0	0.0	0.0
9.666666666666666	0.0	0.0	0.0	0.0
9.683333333333332	0.0	0.0	0.0	0.0
9.7	0.0	0.0	0.0	0.0
9.716666666666665	0.0	0.0	0.0	0.0
9.733333333333333	0.0	0.0	0.0	0.0
9.75	0.0	0.0	0.0	0.0
9.766666666666666	0.0	0.0	0.0	0.0
9.783333333333331	0.0	0.0	0.0	0.0
9.799999999999999	0.0	0.0	0.0	0.0
9.816666666666666	0.0	0.0	0.0	0.0
9.833333333333332	0.0	0.0	0.0	0.0
9.85	0.0	0.0	0.0	0.0
9.866666666666665	0.0	0.0	0.0	0.0
9.883333333333333	0.0	0.0	0.0	0.0
9.899999999999999	0.0	0.0	0.0	0.0
9.916666666666666	0.0	0.0	0.0	0.0
9.933333333333332	0.0	0.0	0.0	0.0
9.95	0.0	0.0	0.0	0.0
9.966666666666665	0.0	0.0	0.0	0.0
9.983333333333333	0.0	0.0	0.0	0.0
9.999999999999998	0.0	0.0	0.0	0.0
10.016666666666666	0.0	0.0	0.0	0.0
10.033333333333333	0.0	0.0	0.0	0.0
10.05	0.0	0.0	0.0	0.0
10.066666666666666	0.0	0.0	0.0	0.0
10.083333333333332	0.0	0.0	0.0	0.0
10.1	0.0	0.0	0.0	0.0
10.116666666666667	0.0	0.0	0.0	0.0
10.133333333333333	0.0	0.0	0.0	0.0
10.149999999999999	0.0	0.0	0.0	0.0
10.166666666666666	0.0	0.0	0.0	0.0
10.183333333333334	0.0	0.0	0.0	0.0
10.2	0.0	0.0	0.0	0.0
10.216666666666665	0.0	0.0	0.0	0.0
10.233333333333333	0.0	0.0	0.0	0.0
10.25	0.0	0.0	0.0	0.0
10.266666666666666	0.0	0.0	0.0	0.0
10.283333333333331	0.0	0.0	0.0	0.0
10.3	0.0	0.0	0.0	0.0
10.316666666666666	0.0	0.0	0.0	0.0
10.333333333333332	0.0	0.0	0.0	0.0
10.35	0.0	0.0	0.0	0.0
10.366666666666667	0.0	0.0	0.0	0.0
10.383333333333333	0.0	0.0	0.0	0.0
10.399999999999999	0.0	0.0	0.0	0.0
10.416666666666666	0.0	0.0	0.0	0.0
10.433333333333334	0.0	0.0	0.0	0.0
10.45	0.0	0.0	0.0	0.0
10.466666666666665	0.0	0.0	0.0	0.0
10.483333333333333	0.0	0.0	0.0	0.0
10.5	0.0	0.0	0.0	0.0
10.516666666666666	0.0	0.0	0.0	0.0
10.533333333333331	0.0	0.0	0.0	0.0
10.55	0.0	0.0	0.0	0.0
10.566666666666666	0.0	0.0	0.0	0.0
10.583333333333332	0.0	0.0	0.0	0.0
10.6	0.0	0.0	0.0	0.0
10.616666666666667	0.0	0.0	0.0	0.0
10.633333333333333	0.0	0.0	0.0	0.0
10.649999999999999	0.0	0.0	0.0	0.0
10.666666666666666	0.0	0.0	0.0	0.0
10.683333333333334	0.0	0.0	0.0	0.0
10.7	0.0	0.0	0.0	0.0
10.716666666666665	0.0	0.0	0.0	0.0
10.733333333333333	0.0	0.0	0.0	0.0
10.75	0.0	0.0	0.0	0.0
10.766666666666666	0.0	0.0	0.0	0.0
10.783333333333331	0.0	0.0	0.0	0.0
10.799999999999999	0.0	0.0	0.0	0.0
10.816666666666666	0.0	0.0	0.0	0.0
10.833333333333332	0.0	0.0	0.0	0.0
10.85	0.0	0.0	0.0	0.0
10.866666666666667	0.0	0.0	0.0	0.0
10.883333333333333	0.0	0.0	0.0	0.0
10.899999999999999	0.0	0.0	0.0	0.0
10.916666666666666	0.0	0.0	0.0	0.0
10.933333333333334	0.0	0.0	0.0	0.0
10.95	0.0	0.0	0.0	0.0
10.966666666666665	0.586224	0.0586224	0.0	0.0
10.983333333333333	0.586224	0.0586224	0.0	0.0
11.0	0.586224	0.0586224	0.0	0.0
11.016666666666666	0.586224	0.0586224	0.0	0.0
11.033333333333331	1.172448	0.1172448	0.0	0.0
11.049999999999999	1.172448	0.1172448	0.0	0.0
11.066666666666666	1.172448	0.1172448	0.0	0.0
11.083333333333332	1.7586719999999998	0.1758672	0.0	0.0
11.1	1.7586719999999998	0.1758672	0.0	0.0
11.116666666666667	1.7586719999999998	0.1758672	0.0	0.0
11.133333333333333	2.344896	0.2344896	0.0	0.0
11.149999999999999	2.344896	0.2344896	0.0	0.0
11.166666666666666	2.344896	0.2344896	0.0	0.0
11.183333333333334	2.93112	0.293112	0.0	0.0
11.2	2.93112	0.293112	0.0	0.0
11.216666666666665	2.93112	0.293112	0.0	0.0
11.233333333333333	3.517344	0.3517344	0.0	0.0
11.25	3.517344	0.3517344	0.0	0.0
11.266666666666666	3.517344	0.3517344	0.0	0.0
11.283333333333331	4.103568	0.3517344	0.586224	0.0
11.299999999999999	4.103568	0.3517344	0.586224	0.0
11.316666666666666	4.103568	0.3517344	0.586224	0.0
11.333333333333332	4.689792	0.3517344	1.172448	0.0
11.349999999999998	4.689792	0.3517344	1.172448	0.0
11.366666666666667	4.689792	0.3517344	1.172448	0.0
11.383333333333333	5.276015999999999	0.3517344	1.7586719999999998	0.0
11.399999999999999	5.276015999999999	0.3517344	1.7586719999999998	0.0
11.416666666666666	5.276015999999999	0.3517344	1.7586719999999998	0.0
11.433333333333334	5.276015999999999	0.3517344	1.7586719999999998	0.0
11.45	5.862239999999999	0.3517344	2.344896	0.0
11.466666666666665	5.862239999999999	0.3517344	2.344896	0.0
11.483333333333333	5.862239999999999	0.3517344	2.344896	0.0
11.5	6.448463999999999	0.3517344	2.93112	0.0
11.516666666666666	6.448463999999999	0.3517344	2.93112	0.0
11.533333333333331	6.448463999999999	0.3517344	2.93112	0.0
11.549999999999999	7.034687999999998	0.3517344	3.517344	0.0
11.566666666666666	7.034687999999998	0.3517344	3.517344	0.0
11.583333333333332	7.034687999999998	0.3517344	3.517344	0.0
11.599999999999998	7.034687999999998	0.3517344	3.517344	0.0
11.616666666666667	7.620911999999998	0.3517344	4.103568	0.0
11.633333333333333	7.620911999999998	0.3517344	4.103568	0.0
11.649999999999999	7.620911999999998	0.3517344	4.103568	0.0
11.666666666666666	8.207135999999998	0.3517344	4.103568	0.586224
11.683333333333334	8.207135999999998	0.3517344	4.103568	0.586224
11.7	8.207135999999998	0.3517344	4.103568	0.586224
11.716666666666665	8.793359999999998	0.3517344	3.517344	1.7586719999999998
11.733333333333333	8.793359999999998	0.3517344	3.517344	1.7586719999999998
11.75	8.793359999999998	0.3517344	3.517344	1.7586719999999998
11.766666666666666	8.793359999999998	0.3517344	3.517344	1.7586719999999998
11.783333333333331	9.379583999999998	0.3517344	3.517344	2.344896
11.799999999999999	9.379583999999998	0.3517344	3.517344	2.344896
11.816666666666666	9.379583999999998	0.3517344	3.517344	2.344896
11.833333333333332	9.965807999999997	0.3517344	3.517344	2.93112
11.849999999999998	9.965807999999997	0.3517344	3.517344	2.93112
11.866666666666665	9.965807999999997	0.3517344	3.517344	2.93112
11.883333333333333	10.552031999999997	0.3517344	3.517344	3.517344
11.899999999999999	10.552031999999997	0.3517344	3.517344	3.517344
11.916666666666666	10.552031999999997	0.3517344	3.517344	3.517344
11.933333333333334	11.138255999999997	0.3517344	3.517344	4.103568
11.95	11.138255999999997	0.3517344	3.517344	4.103568
11.966666666666665	11.138255999999997	0.3517344	3.517344	4.103568
11.983333333333333	11.138255999999997	0.3517344	3.517344	4.103568
12.0	11.724479999999996	0.3517344	3.517344	4.689792
12.016666666666666	11.724479999999996	0.3517344	3.517344	4.689792
12.033333333333331	11.724479999999996	0.3517344	3.517344	4.689792
12.049999999999999	12.310703999999996	0.3517344	3.517344	5.276015999999999
12.066666666666666	12.310703999999996	0.3517344	3.517344	5.276015999999999
12.083333333333332	12.310703999999996	0.3517344	3.517344	5.276015999999999
12.099999999999998	12.896927999999996	0.3517344	3.517344	5.862239999999999
12.116666666666665	12.896927999999996	0.3517344	3.517344	5.862239999999999
12.133333333333333	12.896927999999996	0.3517344	3.517344	5.862239999999999
12.149999999999999	12.896927999999996	0.3517344	3.517344	5.862239999999999
12.166666666666666	13.483151999999995	0.3517344	3.517344	6.448463999999999
12.183333333333334	13.483151999999995	0.3517344	3.517344	6.448463999999999
12.2	14.069375999999995	0.3517344	3.517344	7.034687999999998
12.216666666666665	14.069375999999995	0.3517344	3.517344	7.034687999999998
12.233333333333333	14.069375999999995	0.3517344	3.517344	7.034687999999998
12.25	14.655599999999994	0.3517344	3.517344	7.620911999999998
12.266666666666666	14.655599999999994	0.3517344	3.517344	7.620911999999998
12.283333333333331	14.655599999999994	0.3517344	3.517344	7.620911999999998
12.299999999999999	14.655599999999994	0.3517344	3.517344	7.620911999999998
12.316666666666666	15.241823999999994	0.3517344	3.517344	8.207135999999998
12.333333333333332	15.241823999999994	0.3517344	3.517344	8.207135999999998
12.349999999999998	15.241823999999994	0.3517344	3.517344	8.207135999999998
12.366666666666665	15.828047999999994	0.3517344	3.517344	8.793359999999998
12.383333333333333	15.828047999999994	0.3517344	3.517344	8.793359999999998
12.399999999999999	15.828047999999994	0.3517344	3.517344	8.793359999999998
12.416666666666664	16.414271999999993	0.3517344	3.517344	9.379583999999998
12.433333333333334	16.414271999999993	0.3517344	3.517344	9.379583999999998
12.45	16.414271999999993	0.3517344	3.517344	9.379583999999998
12.466666666666665	16.414271999999993	0.3517344	3.517344	9.379583999999998
12.483333333333333	17.000495999999995	0.4103568	3.517344	9.379583999999998
12.5	17.000495999999995	0.4103568	3.517344	9.379583999999998
12.516666666666666	17.000495999999995	0.4103568	3.517344	9.379583999999998
12.533333333333331	17.586719999999996	0.46897920000000004	3.517344	9.379583999999998
12.549999999999999	17.586719999999996	0.46897920000000004	3.517344	9.379583999999998
12.566666666666666	17.586719999999996	0.46897920000000004	3.517344	9.379583999999998
12.583333333333332	18.212591999999997	0.5315664	3.517344	9.379583999999998
12.599999999999998	18.212591999999997	0.5315664	3.517344	9.379583999999998
12.616666666666665	18.212591999999997	0.5315664	3.517344	9.379583999999998
12.633333333333333	18.212591999999997	0.5315664	3.517344	9.379583999999998
12.649999999999999	18.838464	0.5941536	2.93112	9.965807999999997
12.666666666666664	18.838464	0.5941536	2.93112	9.965807999999997
12.683333333333334	19.464336	0.6567407999999999	2.93112	9.965807999999997
12.7	19.464336	0.6567407999999999	2.93112	9.965807999999997
12.716666666666665	19.464336	0.6567407999999999	2.93112	9.965807999999997
12.733333333333333	19.464336	0.6567407999999999	2.93112	9.965807999999997
12.75	20.090208	0.719328	2.93112	9.965807999999997
12.766666666666666	20.090208	0.719328	2.93112	9.965807999999997
12.783333333333331	20.090208	0.719328	2.93112	9.965807999999997
12.799999999999999	20.716080000000005	0.7819151999999999	2.93112	9.965807999999997
12.816666666666666	20.716080000000005	0.7819151999999999	2.93112	9.965807999999997
12.833333333333332	20.716080000000005	0.7819151999999999	2.93112	9.965807999999997
12.849999999999998	20.716080000000005	0.7819151999999999	2.93112	9.965807999999997
12.866666666666665	21.341952000000006	0.8445023999999999	2.93112	9.965807999999997
12.883333333333333	21.341952000000006	0.8445023999999999	2.93112	9.965807999999997
12.899999999999999	21.341952000000006	0.8445023999999999	2.93112	9.965807999999997
12.916666666666664	21.967824000000007	0.8445023999999999	3.556992	9.965807999999997
12.933333333333332	21.967824000000007	0.8445023999999999	3.556992	9.965807999999997
12.95	21.967824000000007	0.8445023999999999	3.556992	9.965807999999997
12.966666666666665	22.593696000000012	0.9031247999999998	4.182864	9.379583999999998
12.983333333333333	22.593696000000012	0.9031247999999998	4.182864	9.379583999999998
13.0	22.593696000000012	0.9031247999999998	4.182864	9.379583999999998
13.016666666666666	22.593696000000012	0.9031247999999998	4.182864	9.379583999999998
13.033333333333331	23.219568000000013	0.9031247999999998	4.808736	9.379583999999998
13.049999999999999	23.219568000000013	0.9031247999999998	4.808736	9.379583999999998
13.066666666666666	23.219568000000013	0.9031247999999998	4.808736	9.379583999999998
13.083333333333332	23.845440000000014	0.9031247999999998	5.434607999999999	9.379583999999998
13.099999999999998	23.845440000000014	0.9031247999999998	5.434607999999999	9.379583999999998
13.116666666666665	24.471312000000015	0.9031247999999998	6.060479999999999	9.379583999999998
13.133333333333333	24.471312000000015	0.9031247999999998	6.060479999999999	9.379583999999998
13.149999999999999	24.471312000000015	0.9031247999999998	6.060479999999999	9.379583999999998
13.166666666666664	24.471312000000015	0.9031247999999998	6.060479999999999	9.379583999999998
13.183333333333332	25.09718400000002	0.9031247999999998	6.6863519999999985	9.379583999999998
13.2	25.09718400000002	0.9031247999999998	6.6863519999999985	9.379583999999998
13.216666666666665	25.09718400000002	0.9031247999999998	6.6863519999999985	9.379583999999998
13.233333333333333	25.72305600000002	0.9031247999999998	6.6863519999999985	10.005455999999997
13.25	25.72305600000002	0.9031247999999998	6.6863519999999985	10.005455999999997
13.266666666666666	25.72305600000002	0.9031247999999998	6.6863519999999985	10.005455999999997
13.283333333333331	26.348928000000022	0.9031247999999998	6.6863519999999985	10.631327999999996
13.299999999999999	26.348928000000022	0.9031247999999998	6.6863519999999985	10.631327999999996
13.316666666666666	26.348928000000022	0.9031247999999998	6.6863519999999985	10.631327999999996
13.333333333333332	26.974800000000023	0.9031247999999998	6.6863519999999985	11.257199999999996
13.349999999999998	26.974800000000023	0.9031247999999998	6.6863519999999985	11.257199999999996
13.366666666666665	26.974800000000023	0.9031247999999998	6.6863519999999985	11.257199999999996
13.383333333333333	26.974800000000023	0.9031247999999998	6.6863519999999985	11.257199999999996
13.399999999999999	27.600672000000024	0.9031247999999998	6.6863519999999985	11.883071999999995
13.416666666666664	27.600672000000024	0.9031247999999998	6.6863519999999985	11.883071999999995
13.433333333333332	27.600672000000024	0.9031247999999998	6.6863519999999985	11.883071999999995
13.45	28.226544000000025	0.9031247999999998	6.6863519999999985	12.508943999999996
13.466666666666665	28.226544000000025	0.9031247999999998	6.6863519999999985	12.508943999999996
13.48333333333333	28.226544000000025	0.9031247999999998	6.6863519999999985	12.508943999999996
13.5	28.852416000000026	0.9031247999999998	6.6863519999999985	13.134815999999995
13.516666666666666	28.852416000000026	0.9031247999999998	6.6863519999999985	13.134815999999995
13.533333333333331	28.852416000000026	0.9031247999999998	6.6863519999999985	13.134815999999995
13.549999999999999	29.478288000000028	0.9031247999999998	6.6863519999999985	13.760687999999995
13.566666666666666	29.478288000000028	0.9031247999999998	6.6863519999999985	13.760687999999995
13.583333333333332	29.478288000000028	0.9031247999999998	6.6863519999999985	13.760687999999995
13.599999999999998	29.478288000000028	0.9031247999999998	6.100127999999999	14.346911999999994
13.616666666666665	30.10416000000003	0.9031247999999998	6.100127999999999	14.972783999999995
13.633333333333333	30.10416000000003	0.9031247999999998	6.100127999999999	14.972783999999995
13.649999999999999	30.10416000000003	0.9031247999999998	6.100127999999999	14.972783999999995
13.666666666666664	30.73003200000003	0.9031247999999998	6.100127999999999	15.598655999999995
13.683333333333332	30.73003200000003	0.9031247999999998	6.100127999999999	15.598655999999995
13.7	30.73003200000003	0.9031247999999998	6.100127999999999	15.598655999999995
13.716666666666665	31.35590400000003	0.9031247999999998	6.100127999999999	16.224527999999996
13.73333333333333	31.35590400000003	0.9031247999999998	6.100127999999999	16.224527999999996
13.75	31.35590400000003	0.9031247999999998	6.100127999999999	16.224527999999996
13.766666666666666	31.35590400000003	0.9031247999999998	6.100127999999999	16.224527999999996
13.783333333333331	31.981776000000032	0.9031247999999998	6.100127999999999	16.850399999999997
13.799999999999999	31.981776000000032	0.9031247999999998	5.474256	17.476272
13.816666666666666	32.60764800000003	0.9031247999999998	5.474256	18.102144000000003
13.833333333333332	32.60764800000003	0.9031247999999998	5.474256	18.102144000000003
13.849999999999998	32.60764800000003	0.9031247999999998	5.474256	18.102144000000003
13.866666666666665	32.60764800000003	0.9031247999999998	5.474256	18.102144000000003
13.883333333333333	33.233520000000034	0.9031247999999998	5.474256	18.728016000000004
13.899999999999999	33.233520000000034	0.9617471999999998	5.474256	18.141792000000002
13.916666666666664	33.233520000000034	0.9617471999999998	5.474256	18.141792000000002
13.933333333333334	33.859392000000035	0.9617471999999998	5.474256	18.767664000000003
13.95	33.859392000000035	0.9617471999999998	5.474256	18.767664000000003
13.966666666666665	33.859392000000035	0.9617471999999998	5.474256	18.767664000000003
13.98333333333333	33.859392000000035	0.9617471999999998	5.474256	18.767664000000003
14.0	34.485264000000036	0.9617471999999998	5.474256	19.393536000000005
14.016666666666664	34.485264000000036	0.9617471999999998	5.474256	19.393536000000005
14.033333333333331	34.485264000000036	0.9617471999999998	5.474256	19.393536000000005
14.049999999999997	35.11113600000004	0.9617471999999998	5.474256	20.019408000000006
14.066666666666665	35.11113600000004	0.9617471999999998	5.474256	20.019408000000006
14.08333333333333	35.716240000000035	1.0222575999999999	5.474256	20.019408000000006
14.099999999999998	35.716240000000035	1.0222575999999999	5.474256	20.019408000000006
14.116666666666664	35.716240000000035	1.0222575999999999	5.474256	20.019408000000006
14.133333333333331	36.32134400000004	1.1453551999999998	5.474256	19.393536000000005
14.149999999999999	36.32134400000004	1.1453551999999998	5.474256	19.393536000000005
14.166666666666664	36.32134400000004	1.1453551999999998	5.474256	19.393536000000005
14.183333333333332	36.32134400000004	1.1453551999999998	5.474256	19.393536000000005
14.199999999999998	36.926448000000036	1.2058655999999996	5.474256	19.393536000000005
14.216666666666665	36.926448000000036	1.2058655999999996	5.474256	19.393536000000005
14.23333333333333	36.926448000000036	1.2058655999999996	5.474256	19.393536000000005
14.249999999999998	37.53155200000004	1.2663759999999995	5.474256	19.393536000000005
14.266666666666664	37.53155200000004	1.2663759999999995	5.474256	19.393536000000005
14.283333333333331	37.53155200000004	1.2663759999999995	5.474256	19.393536000000005
14.299999999999997	38.13665600000004	1.3268863999999996	5.474256	19.393536000000005
14.316666666666665	38.13665600000004	1.3268863999999996	5.474256	19.393536000000005
14.33333333333333	38.13665600000004	1.3268863999999996	5.474256	19.393536000000005
14.349999999999998	38.74176000000004	1.3873967999999994	5.474256	19.393536000000005
14.366666666666664	38.74176000000004	1.3873967999999994	5.474256	19.393536000000005
14.383333333333331	38.74176000000004	1.3873967999999994	5.474256	19.393536000000005
14.399999999999997	38.74176000000004	1.3873967999999994	5.474256	19.393536000000005
14.416666666666664	39.346864000000046	1.4479071999999995	5.474256	19.393536000000005
14.433333333333332	39.346864000000046	1.4479071999999995	5.474256	19.393536000000005
14.449999999999998	39.346864000000046	1.4479071999999995	5.474256	19.393536000000005
14.466666666666665	39.95196800000004	1.4479071999999995	6.0793599999999985	19.393536000000005
14.48333333333333	39.95196800000004	1.4479071999999995	6.0793599999999985	19.393536000000005
14.499999999999998	39.95196800000004	1.4479071999999995	6.0793599999999985	19.393536000000005
14.516666666666664	40.55707200000005	1.4479071999999995	6.684463999999999	19.393536000000005
14.533333333333331	40.55707200000005	1.4479071999999995	6.684463999999999	19.393536000000005
14.549999999999997	40.55707200000005	1.4479071999999995	6.684463999999999	19.393536000000005
14.566666666666665	41.162176000000045	1.4479071999999995	6.7033439999999995	19.979760000000006
14.58333333333333	41.162176000000045	1.4479071999999995	6.7033439999999995	19.979760000000006
14.599999999999998	41.162176000000045	1.4479071999999995	6.7033439999999995	19.979760000000006
14.616666666666664	41.76728000000005	1.4479071999999995	7.308447999999999	19.979760000000006
14.633333333333331	41.76728000000005	1.4479071999999995	7.308447999999999	19.979760000000006
14.649999999999997	41.76728000000005	1.4479071999999995	7.308447999999999	19.979760000000006
14.666666666666664	41.76728000000005	1.4479071999999995	7.308447999999999	19.979760000000006
14.68333333333333	42.37238400000005	1.4479071999999995	7.913551999999999	19.979760000000006
14.699999999999998	42.37238400000005	1.4479071999999995	7.287679999999999	20.605632000000007
14.716666666666665	42.37238400000005	1.4479071999999995	7.287679999999999	20.605632000000007
14.73333333333333	42.97748800000005	1.4479071999999995	7.892783999999999	20.605632000000007
14.749999999999998	42.97748800000005	1.4479071999999995	7.892783999999999	20.605632000000007
14.766666666666664	42.97748800000005	1.4479071999999995	7.892783999999999	20.605632000000007
14.783333333333331	43.58259200000005	1.4479071999999995	8.497888	20.605632000000007
14.799999999999997	43.58259200000005	1.5065295999999995	8.497888	20.019408000000006
14.816666666666665	43.58259200000005	1.5065295999999995	8.497888	20.019408000000006
14.83333333333333	44.18769600000005	1.5065295999999995	8.497888	20.624512000000006
14.849999999999998	44.18769600000005	1.5065295999999995	8.497888	20.624512000000006
14.866666666666664	44.18769600000005	1.5065295999999995	8.497888	20.624512000000006
14.883333333333331	44.18769600000005	1.5065295999999995	8.497888	20.624512000000006
14.899999999999997	44.79280000000006	1.5065295999999995	8.497888	21.229616000000007
14.916666666666664	44.79280000000006	1.5065295999999995	8.497888	21.229616000000007
14.93333333333333	44.79280000000006	1.5065295999999995	8.497888	21.229616000000007
14.949999999999998	45.397904000000054	1.5065295999999995	8.497888	21.834720000000008
14.966666666666665	45.397904000000054	1.5065295999999995	8.497888	21.834720000000008
14.98333333333333	46.00300800000006	1.5065295999999995	8.497888	22.43982400000001
14.999999999999998	46.00300800000006	1.5065295999999995	8.497888	22.43982400000001
15.016666666666664	46.00300800000006	1.5065295999999995	8.497888	22.43982400000001
15.033333333333331	46.60811200000006	1.5065295999999995	8.497888	23.04492800000001
15.049999999999997	46.60811200000006	1.5065295999999995	8.497888	23.04492800000001
15.066666666666665	46.60811200000006	1.5065295999999995	8.497888	23.04492800000001
15.08333333333333	46.60811200000006	1.5065295999999995	8.497888	23.04492800000001
15.099999999999998	47.21321600000007	1.5065295999999995	8.497888	23.65003200000001
15.116666666666664	47.21321600000007	1.5065295999999995	8.497888	23.65003200000001
15.133333333333331	47.21321600000007	1.5065295999999995	7.892783999999999	24.255136000000014
15.149999999999997	47.818320000000064	1.5691167999999993	7.892783999999999	24.234368000000014
15.166666666666664	47.818320000000064	1.5691167999999993	7.892783999999999	24.234368000000014
15.18333333333333	47.818320000000064	1.5691167999999993	7.892783999999999	24.234368000000014
15.199999999999998	48.42342400000007	1.5691167999999993	7.892783999999999	24.839472000000015
15.216666666666665	48.42342400000007	1.5691167999999993	7.892783999999999	24.839472000000015
15.23333333333333	48.42342400000007	1.5691167999999993	7.892783999999999	24.839472000000015
15.249999999999998	49.02852800000007	1.5691167999999993	7.892783999999999	25.444576000000016
15.266666666666664	49.02852800000007	1.5691167999999993	7.892783999999999	25.444576000000016
15.283333333333331	49.02852800000007	1.5691167999999993	7.892783999999999	25.444576000000016
15.299999999999997	49.02852800000007	1.5691167999999993	7.892783999999999	25.444576000000016
15.316666666666665	49.63363200000008	1.5691167999999993	7.892783999999999	26.049680000000016
15.33333333333333	49.63363200000008	1.5691167999999993	7.892783999999999	26.049680000000016
15.349999999999998	49.63363200000008	1.5691167999999993	7.892783999999999	26.049680000000016
15.366666666666664	50.238736000000074	1.5691167999999993	7.892783999999999	26.654784000000017
15.383333333333331	50.238736000000074	1.5691167999999993	7.892783999999999	26.654784000000017
15.399999999999997	50.238736000000074	1.5691167999999993	7.892783999999999	26.654784000000017
15.416666666666664	50.84384000000008	1.5691167999999993	7.892783999999999	27.259888000000018
15.43333333333333	50.84384000000008	1.5691167999999993	7.892783999999999	27.259888000000018
15.449999999999998	50.84384000000008	1.5691167999999993	7.892783999999999	27.259888000000018
15.466666666666663	50.84384000000008	1.5691167999999993	7.892783999999999	27.259888000000018
15.48333333333333	51.44894400000008	1.5691167999999993	7.892783999999999	27.86499200000002
15.499999999999998	51.44894400000008	1.5691167999999993	7.892783999999999	27.86499200000002
15.516666666666664	51.44894400000008	1.5691167999999993	7.892783999999999	27.86499200000002
15.533333333333331	52.05404800000008	1.5691167999999993	7.892783999999999	28.47009600000002
15.549999999999997	52.05404800000008	1.5691167999999993	7.892783999999999	28.47009600000002
15.566666666666665	52.05404800000008	1.5691167999999993	7.306559999999999	29.05632000000002
15.58333333333333	52.659152000000084	1.5691167999999993	7.306559999999999	29.661424000000025
15.599999999999998	52.659152000000084	1.5691167999999993	7.306559999999999	29.661424000000025
15.616666666666664	52.659152000000084	1.5691167999999993	6.680687999999999	30.287296000000026
15.633333333333331	52.659152000000084	1.5691167999999993	6.680687999999999	30.287296000000026
15.649999999999997	53.26425600000008	1.6296271999999994	6.680687999999999	30.287296000000026
15.666666666666664	53.26425600000008	1.6296271999999994	6.680687999999999	30.287296000000026
15.68333333333333	53.26425600000008	1.6882495999999994	6.680687999999999	29.701072000000025
15.699999999999998	53.869360000000086	1.7487599999999992	6.680687999999999	29.701072000000025
15.716666666666663	53.869360000000086	1.7487599999999992	6.680687999999999	29.701072000000025
15.73333333333333	53.869360000000086	1.7487599999999992	6.680687999999999	29.701072000000025
15.749999999999996	54.486736000000086	1.8104975999999993	6.680687999999999	29.701072000000025
15.766666666666664	54.486736000000086	1.8104975999999993	6.680687999999999	29.701072000000025
15.783333333333331	54.486736000000086	1.8104975999999993	6.680687999999999	29.701072000000025
15.799999999999997	54.486736000000086	1.8104975999999993	6.680687999999999	29.701072000000025
15.816666666666665	55.104112000000086	1.8722351999999995	6.680687999999999	29.701072000000025
15.83333333333333	55.104112000000086	1.8722351999999995	6.680687999999999	29.701072000000025
15.849999999999998	55.104112000000086	1.8722351999999995	6.680687999999999	29.701072000000025
15.866666666666664	55.721488000000086	1.9339727999999996	6.680687999999999	29.701072000000025
15.883333333333331	55.721488000000086	1.9339727999999996	6.680687999999999	29.701072000000025
15.899999999999997	55.721488000000086	1.9339727999999996	6.680687999999999	29.701072000000025
15.916666666666664	56.338864000000086	1.9957103999999997	6.680687999999999	29.701072000000025
15.93333333333333	56.338864000000086	1.9957103999999997	6.680687999999999	29.701072000000025
15.949999999999998	56.338864000000086	1.9957103999999997	6.680687999999999	29.701072000000025
15.966666666666663	56.956240000000086	2.057448	6.680687999999999	29.701072000000025
15.98333333333333	56.956240000000086	2.057448	6.075583999999999	30.306176000000026
15.999999999999996	56.956240000000086	2.057448	6.075583999999999	30.306176000000026
16.016666666666666	57.57361600000009	2.057448	6.692959999999999	30.306176000000026
16.03333333333333	57.57361600000009	2.057448	6.692959999999999	30.306176000000026
16.049999999999997	57.57361600000009	2.057448	6.692959999999999	30.306176000000026
16.066666666666663	57.57361600000009	2.057448	6.692959999999999	30.306176000000026
16.08333333333333	58.19099200000009	2.057448	7.3103359999999995	30.306176000000026
16.099999999999998	58.19099200000009	2.057448	7.3103359999999995	30.306176000000026
16.116666666666664	58.19099200000009	2.1200352	7.3103359999999995	29.680304000000024
16.133333333333333	58.80836800000009	2.1200352	7.927712	29.680304000000024
16.15	58.80836800000009	2.1200352	7.927712	29.680304000000024
16.166666666666664	58.80836800000009	2.1200352	7.927712	29.680304000000024
16.18333333333333	59.42574400000009	2.1200352	8.545088	29.680304000000024
16.199999999999996	59.42574400000009	2.1805456	8.545088	29.075200000000024
16.21666666666666	59.42574400000009	2.1805456	8.545088	29.075200000000024
16.23333333333333	59.42574400000009	2.1805456	8.545088	29.075200000000024
16.249999999999996	60.043120000000094	2.1805456	9.162464	29.075200000000024
16.266666666666666	60.043120000000094	2.1805456	9.162464	29.075200000000024
16.28333333333333	60.043120000000094	2.1805456	9.162464	29.075200000000024
16.299999999999997	60.660496000000094	2.1805456	9.77984	29.075200000000024
16.316666666666663	60.660496000000094	2.1805456	9.77984	29.075200000000024
16.33333333333333	60.660496000000094	2.1805456	9.77984	29.075200000000024
16.349999999999998	60.660496000000094	2.1805456	9.77984	29.075200000000024
16.366666666666664	61.277872000000094	2.1805456	10.397215999999998	29.075200000000024
16.383333333333333	61.277872000000094	2.1805456	10.397215999999998	29.075200000000024
16.4	61.277872000000094	2.1805456	10.397215999999998	29.075200000000024
16.416666666666664	61.895248000000095	2.1805456	11.014591999999997	29.075200000000024
16.43333333333333	61.895248000000095	2.1805456	11.014591999999997	29.075200000000024
16.449999999999996	61.895248000000095	2.1805456	11.014591999999997	29.075200000000024
16.46666666666666	61.895248000000095	2.1805456	11.014591999999997	29.075200000000024
16.48333333333333	62.512624000000095	2.1805456	11.014591999999997	29.692576000000024
16.499999999999996	62.512624000000095	2.1805456	11.014591999999997	29.692576000000024
16.516666666666666	62.512624000000095	2.1805456	9.802495999999998	30.904672000000026
16.53333333333333	62.512624000000095	2.239168	9.802495999999998	30.318448000000025
16.549999999999997	63.130000000000095	2.239168	9.802495999999998	30.93582400000003
16.566666666666663	63.130000000000095	2.239168	9.802495999999998	30.93582400000003
16.58333333333333	63.130000000000095	2.239168	9.18512	31.553200000000032
16.599999999999998	63.747376000000095	2.239168	9.18512	32.17057600000003
16.616666666666664	63.747376000000095	2.239168	9.18512	32.17057600000003
16.633333333333333	63.747376000000095	2.239168	9.18512	32.17057600000003
16.65	63.747376000000095	2.239168	9.18512	32.17057600000003
16.666666666666664	64.3647520000001	2.239168	9.18512	32.78795200000003
16.68333333333333	64.3647520000001	2.239168	9.18512	32.78795200000003
16.699999999999996	64.3647520000001	2.239168	9.18512	32.78795200000003
16.71666666666666	64.98212800000009	2.239168	9.18512	33.40532800000004
16.73333333333333	64.98212800000009	2.239168	9.18512	33.40532800000004
16.749999999999996	64.98212800000009	2.239168	9.18512	33.40532800000004
16.766666666666666	64.98212800000009	2.239168	9.18512	33.40532800000004
16.78333333333333	65.5995040000001	2.239168	9.18512	34.02270400000004
16.799999999999997	65.5995040000001	2.239168	9.18512	34.02270400000004
16.816666666666663	65.5995040000001	2.239168	9.18512	34.02270400000004
16.83333333333333	65.5995040000001	2.239168	8.580016	34.627808000000044
16.849999999999998	66.21688000000009	2.239168	8.580016	35.245184000000044
16.866666666666664	66.21688000000009	2.239168	8.580016	35.245184000000044
16.883333333333333	66.21688000000009	2.239168	8.580016	35.245184000000044
16.9	66.8342560000001	2.239168	8.580016	35.862560000000045
16.916666666666664	66.8342560000001	2.239168	8.580016	35.862560000000045
16.93333333333333	66.8342560000001	2.239168	8.580016	35.862560000000045
16.949999999999996	67.45163200000009	2.239168	8.580016	36.47993600000005
16.96666666666666	67.45163200000009	2.239168	8.580016	36.47993600000005
16.98333333333333	67.45163200000009	2.239168	8.580016	36.47993600000005
16.999999999999996	67.45163200000009	2.239168	8.580016	36.47993600000005
17.016666666666666	68.06900800000008	2.239168	8.580016	37.09731200000005
17.03333333333333	68.06900800000008	2.239168	8.580016	37.09731200000005
17.049999999999997	68.06900800000008	2.3017552	8.580016	36.47144000000005
17.066666666666663	68.06900800000008	2.3017552	8.580016	36.47144000000005
17.08333333333333	68.68638400000009	2.3017552	8.580016	37.08881600000005
17.099999999999998	68.68638400000009	2.3017552	8.580016	37.08881600000005
17.116666666666664	68.68638400000009	2.3017552	8.580016	37.08881600000005
17.133333333333333	69.30376000000008	2.3017552	8.580016	37.70619200000005
17.15	69.30376000000008	2.3017552	8.580016	37.70619200000005
17.166666666666664	69.30376000000008	2.3017552	8.580016	37.70619200000005
17.18333333333333	69.30376000000008	2.3017552	8.580016	37.70619200000005
17.199999999999996	69.92113600000008	2.3017552	8.580016	38.32356800000005
17.21666666666666	69.92113600000008	2.3017552	8.580016	38.32356800000005
17.23333333333333	69.92113600000008	2.3017552	8.580016	38.32356800000005
17.249999999999996	69.92113600000008	2.3622656	8.580016	37.71846400000005
17.266666666666666	70.53851200000007	2.3622656	8.580016	38.33584000000005
17.28333333333333	70.53851200000007	2.3622656	8.580016	38.33584000000005
17.299999999999997	70.53851200000007	2.3622656	8.580016	38.33584000000005
17.316666666666663	70.53851200000007	2.3622656	8.580016	38.33584000000005
17.33333333333333	71.15588800000008	2.4240032	8.580016	38.33584000000005
17.349999999999998	71.15588800000008	2.4240032	7.96264	38.95321600000005
17.366666666666664	71.15588800000008	2.4240032	8.548864	38.366992000000046
17.383333333333333	71.15588800000008	2.4240032	8.548864	38.366992000000046
17.4	71.77326400000007	2.4857408000000003	8.548864	38.366992000000046
17.416666666666664	71.77326400000007	2.4857408000000003	8.548864	38.366992000000046
17.43333333333333	71.77326400000007	2.4857408000000003	8.548864	38.366992000000046
17.449999999999996	71.77326400000007	2.4857408000000003	8.548864	38.366992000000046
17.46666666666666	72.39064000000006	2.5474784	7.96264	38.95321600000005
17.48333333333333	72.39064000000006	2.5474784	7.336768	39.57908800000005
17.499999999999996	72.39064000000006	2.5474784	7.336768	39.57908800000005
17.516666666666666	73.00801600000005	2.6092160000000004	7.336768	39.57908800000005
17.53333333333333	73.00801600000005	2.6092160000000004	7.336768	39.57908800000005
17.549999999999997	73.00801600000005	2.6092160000000004	7.336768	39.57908800000005
17.566666666666663	73.00801600000005	2.6092160000000004	7.336768	39.57908800000005
17.58333333333333	73.00801600000005	2.6092160000000004	7.336768	39.57908800000005
17.599999999999994	73.00801600000005	2.6092160000000004	7.336768	39.57908800000005
17.616666666666664	73.00801600000005	2.6092160000000004	7.336768	39.57908800000005
17.633333333333333	73.00801600000005	2.6092160000000004	7.336768	39.57908800000005
17.65	73.00801600000005	2.6092160000000004	7.336768	39.57908800000005
17.666666666666664	73.00801600000005	2.6092160000000004	6.731664	40.18419200000005
17.68333333333333	73.00801600000005	2.6092160000000004	6.731664	40.18419200000005
17.699999999999996	73.00801600000005	2.6092160000000004	6.731664	40.18419200000005
17.71666666666666	73.00801600000005	2.6092160000000004	6.731664	40.18419200000005
17.73333333333333	73.00801600000005	2.6092160000000004	6.731664	40.18419200000005
17.749999999999996	73.00801600000005	2.6092160000000004	6.731664	40.18419200000005
17.766666666666666	73.00801600000005	2.6092160000000004	6.731664	40.18419200000005
17.78333333333333	73.00801600000005	2.6092160000000004	6.731664	40.18419200000005
17.799999999999997	73.00801600000005	2.6092160000000004	6.731664	40.18419200000005
17.816666666666663	73.00801600000005	2.6092160000000004	6.731664	40.18419200000005
17.83333333333333	73.00801600000005	2.6092160000000004	6.731664	40.18419200000005
17.849999999999994	73.00801600000005	2.6092160000000004	6.731664	40.18419200000005
17.866666666666664	73.00801600000005	2.6092160000000004	6.731664	40.18419200000005
17.88333333333333	73.00801600000005	2.6092160000000004	6.731664	40.18419200000005
17.9	73.00801600000005	2.6092160000000004	6.731664	40.18419200000005
17.916666666666664	73.00801600000005	2.6092160000000004	6.731664	40.18419200000005
17.93333333333333	73.00801600000005	2.6718032000000003	6.731664	39.55832000000005
17.949999999999996	73.00801600000005	2.6718032000000003	6.731664	39.55832000000005
17.96666666666666	73.00801600000005	2.6718032000000003	6.731664	39.55832000000005
17.98333333333333	73.00801600000005	2.6718032000000003	6.731664	39.55832000000005
17.999999999999996	73.00801600000005	2.6718032000000003	6.731664	39.55832000000005
18.016666666666666	73.00801600000005	2.6718032000000003	6.731664	39.55832000000005
18.03333333333333	73.00801600000005	2.6718032000000003	6.731664	39.55832000000005
18.049999999999997	73.00801600000005	2.6718032000000003	6.731664	39.55832000000005
18.066666666666663	73.00801600000005	2.6718032000000003	6.731664	39.55832000000005
18.08333333333333	73.00801600000005	2.6718032000000003	6.731664	39.55832000000005
18.099999999999994	73.00801600000005	2.6718032000000003	6.731664	39.55832000000005
18.116666666666664	73.00801600000005	2.6718032000000003	6.731664	39.55832000000005
18.13333333333333	73.00801600000005	2.6718032000000003	6.731664	39.55832000000005
18.15	73.00801600000005	2.6718032000000003	7.317888	38.97209600000005
18.166666666666664	73.00801600000005	2.6718032000000003	6.700512	39.58947200000005
18.18333333333333	73.00801600000005	2.6718032000000003	6.700512	39.58947200000005
18.199999999999996	73.00801600000005	2.6718032000000003	6.700512	39.58947200000005
18.21666666666666	73.00801600000005	2.6718032000000003	6.700512	39.58947200000005
18.23333333333333	73.00801600000005	2.6718032000000003	6.700512	39.58947200000005
18.249999999999996	73.00801600000005	2.6718032000000003	6.700512	39.58947200000005
18.266666666666666	73.00801600000005	2.7940512000000006	6.700512	38.366992000000046
18.28333333333333	73.00801600000005	2.7940512000000006	6.700512	38.366992000000046
18.299999999999997	73.00801600000005	2.7940512000000006	6.700512	38.366992000000046
18.316666666666663	73.00801600000005	2.7354288000000007	6.700512	38.95321600000005
18.33333333333333	73.00801600000005	2.7354288000000007	6.700512	38.95321600000005
18.349999999999994	73.00801600000005	2.7354288000000007	6.700512	38.95321600000005
18.366666666666664	73.00801600000005	2.7354288000000007	6.700512	38.95321600000005
18.38333333333333	73.00801600000005	2.7354288000000007	6.700512	38.95321600000005
18.4	73.00801600000005	2.7354288000000007	6.700512	38.95321600000005
18.416666666666664	73.00801600000005	2.7354288000000007	6.700512	38.95321600000005
18.43333333333333	73.00801600000005	2.7354288000000007	6.700512	38.95321600000005
18.449999999999996	73.00801600000005	2.7354288000000007	6.700512	38.95321600000005
18.46666666666666	73.00801600000005	2.7354288000000007	6.07464	39.57908800000005
18.48333333333333	73.00801600000005	2.7354288000000007	6.07464	39.57908800000005
18.499999999999996	73.00801600000005	2.7354288000000007	6.07464	39.57908800000005
18.516666666666666	73.00801600000005	2.7354288000000007	6.07464	39.57908800000005
18.53333333333333	73.00801600000005	2.7354288000000007	6.07464	39.57908800000005
18.549999999999997	73.00801600000005	2.7354288000000007	6.07464	39.57908800000005
18.566666666666663	73.00801600000005	2.7354288000000007	5.469536	40.18419200000005
18.58333333333333	73.00801600000005	2.7354288000000007	5.469536	40.18419200000005
18.599999999999994	73.00801600000005	2.7354288000000007	5.469536	40.18419200000005
18.616666666666664	73.00801600000005	2.7354288000000007	5.469536	40.18419200000005
18.63333333333333	73.00801600000005	2.7354288000000007	5.469536	40.18419200000005
18.65	73.00801600000005	2.7354288000000007	5.469536	40.18419200000005
18.666666666666664	73.00801600000005	2.7354288000000007	5.469536	40.18419200000005
18.68333333333333	73.00801600000005	2.7354288000000007	5.469536	40.18419200000005
18.699999999999996	73.00801600000005	2.7354288000000007	5.469536	40.18419200000005
18.71666666666666	73.00801600000005	2.7354288000000007	5.469536	40.18419200000005
18.73333333333333	73.00801600000005	2.7354288000000007	5.469536	40.18419200000005
18.749999999999996	73.00801600000005	2.7354288000000007	5.469536	40.18419200000005
18.766666666666666	73.00801600000005	2.7354288000000007	5.469536	40.18419200000005
18.78333333333333	73.00801600000005	2.7354288000000007	5.469536	40.18419200000005
18.799999999999997	73.00801600000005	2.7354288000000007	6.095408	39.55832000000005
18.816666666666663	73.00801600000005	2.7354288000000007	6.095408	39.55832000000005
18.83333333333333	73.00801600000005	2.7354288000000007	6.095408	39.55832000000005
18.849999999999994	73.00801600000005	2.7354288000000007	6.095408	39.55832000000005
18.866666666666664	73.00801600000005	2.7354288000000007	6.095408	39.55832000000005
18.88333333333333	73.00801600000005	2.7354288000000007	6.095408	39.55832000000005
18.9	73.00801600000005	2.7354288000000007	6.681632	38.97209600000005
18.916666666666664	73.00801600000005	2.7354288000000007	6.681632	38.97209600000005
18.93333333333333	73.00801600000005	2.7354288000000007	6.681632	38.97209600000005
18.949999999999996	73.00801600000005	2.7354288000000007	6.681632	38.97209600000005
18.96666666666666	73.00801600000005	2.7354288000000007	6.681632	38.97209600000005
18.98333333333333	73.00801600000005	2.7354288000000007	6.0642559999999985	39.58947200000005
18.999999999999996	73.00801600000005	2.7354288000000007	6.0642559999999985	39.58947200000005
19.016666666666666	73.00801600000005	2.7354288000000007	6.0642559999999985	39.58947200000005
19.03333333333333	73.00801600000005	2.7354288000000007	6.0642559999999985	39.58947200000005
19.049999999999997	73.00801600000005	2.7354288000000007	6.0642559999999985	39.58947200000005
19.066666666666663	73.00801600000005	2.7354288000000007	6.0642559999999985	39.58947200000005
19.08333333333333	73.00801600000005	2.7354288000000007	6.0642559999999985	39.58947200000005
19.099999999999994	73.00801600000005	2.7354288000000007	6.0642559999999985	39.58947200000005
19.116666666666664	73.00801600000005	2.6768064000000007	6.0642559999999985	40.17569600000005
19.13333333333333	73.00801600000005	2.6768064000000007	6.0642559999999985	40.17569600000005
19.15	73.00801600000005	2.6768064000000007	6.0642559999999985	40.17569600000005
19.166666666666664	73.00801600000005	2.6768064000000007	6.0642559999999985	40.17569600000005
19.18333333333333	73.00801600000005	2.6768064000000007	6.0642559999999985	40.17569600000005
19.199999999999996	73.00801600000005	2.6768064000000007	6.0642559999999985	40.17569600000005
19.21666666666666	73.00801600000005	2.7373168000000003	6.0642559999999985	39.57059200000005
19.23333333333333	73.00801600000005	2.7373168000000003	6.0642559999999985	39.57059200000005
19.249999999999996	73.00801600000005	2.7373168000000003	6.0642559999999985	39.57059200000005
19.266666666666666	73.00801600000005	2.7373168000000003	6.0642559999999985	39.57059200000005
19.28333333333333	73.00801600000005	2.7990544	6.0642559999999985	38.95321600000005
19.299999999999997	73.00801600000005	2.7990544	6.0642559999999985	38.95321600000005
19.316666666666663	73.00801600000005	2.7990544	6.0642559999999985	38.95321600000005
19.33333333333333	73.00801600000005	2.7990544	6.0642559999999985	38.95321600000005
19.349999999999994	73.00801600000005	2.7990544	6.0642559999999985	38.95321600000005
19.366666666666664	73.00801600000005	2.7990544	6.0642559999999985	38.95321600000005
19.38333333333333	73.00801600000005	2.7990544	6.0642559999999985	38.95321600000005
19.4	73.00801600000005	2.7990544	6.0642559999999985	38.95321600000005
19.416666666666664	73.00801600000005	2.7990544	6.0642559999999985	38.95321600000005
19.43333333333333	73.00801600000005	2.7364672000000003	6.0642559999999985	39.57908800000005
19.449999999999996	73.00801600000005	2.7364672000000003	6.0642559999999985	39.57908800000005
19.46666666666666	73.00801600000005	2.7364672000000003	5.459151999999999	40.18419200000005
19.48333333333333	73.00801600000005	2.7364672000000003	5.459151999999999	40.18419200000005
19.499999999999996	73.00801600000005	2.7364672000000003	5.459151999999999	40.18419200000005
19.516666666666666	73.00801600000005	2.7364672000000003	5.459151999999999	40.18419200000005
19.53333333333333	73.00801600000005	2.7364672000000003	5.459151999999999	40.18419200000005
19.549999999999997	73.00801600000005	2.7364672000000003	5.459151999999999	40.18419200000005
19.566666666666663	73.00801600000005	2.7364672000000003	5.459151999999999	40.18419200000005
19.58333333333333	73.00801600000005	2.7364672000000003	5.459151999999999	40.18419200000005
19.599999999999994	73.00801600000005	2.7364672000000003	5.459151999999999	40.18419200000005
19.616666666666664	73.00801600000005	2.7364672000000003	6.045375999999998	39.59796800000005
19.63333333333333	73.00801600000005	2.7364672000000003	6.045375999999998	39.59796800000005
19.65	73.00801600000005	2.7364672000000003	6.6712479999999985	38.97209600000005
19.666666666666664	73.00801600000005	2.7364672000000003	6.6712479999999985	38.97209600000005
19.68333333333333	73.00801600000005	2.7364672000000003	6.6712479999999985	38.97209600000005
19.699999999999996	73.00801600000005	2.7364672000000003	6.6712479999999985	38.97209600000005
19.71666666666666	73.00801600000005	2.7364672000000003	6.6712479999999985	38.97209600000005
19.733333333333327	73.00801600000005	2.7364672000000003	6.6712479999999985	38.97209600000005
19.749999999999996	73.00801600000005	2.7364672000000003	6.6712479999999985	38.97209600000005
19.766666666666666	73.00801600000005	2.7364672000000003	6.6712479999999985	38.97209600000005
19.78333333333333	73.00801600000005	2.7364672000000003	6.6712479999999985	38.97209600000005
19.799999999999997	72.42179200000005	2.6778448000000004	6.6712479999999985	38.97209600000005
19.816666666666663	72.42179200000005	2.6192224000000004	6.053871999999998	40.17569600000005
19.83333333333333	72.42179200000005	2.6192224000000004	6.053871999999998	40.17569600000005
19.849999999999994	72.42179200000005	2.6192224000000004	6.053871999999998	40.17569600000005
19.866666666666664	72.42179200000005	2.6192224000000004	6.053871999999998	40.17569600000005
19.88333333333333	71.83556800000005	2.5606000000000004	6.053871999999998	40.17569600000005
19.9	71.83556800000005	2.5606000000000004	6.053871999999998	40.17569600000005
19.916666666666664	71.83556800000005	2.5606000000000004	6.053871999999998	40.17569600000005
19.93333333333333	71.83556800000005	2.5606000000000004	6.053871999999998	40.17569600000005
19.949999999999996	71.83556800000005	2.5606000000000004	6.053871999999998	40.17569600000005
19.96666666666666	71.83556800000005	2.5606000000000004	6.053871999999998	40.17569600000005
19.983333333333327	71.24934400000005	2.5019776000000005	6.053871999999998	40.17569600000005
19.999999999999996	71.24934400000005	2.5019776000000005	6.053871999999998	40.17569600000005
20.016666666666662	71.24934400000005	2.5019776000000005	6.053871999999998	40.17569600000005
20.03333333333333	71.24934400000005	2.5019776000000005	6.053871999999998	40.17569600000005
20.049999999999997	71.24934400000005	2.5019776000000005	6.053871999999998	40.17569600000005
20.066666666666663	70.66312000000005	2.5019776000000005	6.053871999999998	39.58947200000005
20.08333333333333	70.66312000000005	2.5019776000000005	6.053871999999998	39.58947200000005
20.099999999999994	70.66312000000005	2.5019776000000005	6.053871999999998	39.58947200000005
20.116666666666664	70.66312000000005	2.5019776000000005	6.053871999999998	39.58947200000005
20.13333333333333	70.66312000000005	2.5019776000000005	6.658975999999998	38.984368000000046
20.15	70.07689600000005	2.5019776000000005	6.658975999999998	38.398144000000045
20.166666666666664	70.07689600000005	2.5019776000000005	6.658975999999998	38.398144000000045
20.18333333333333	70.07689600000005	2.5019776000000005	6.658975999999998	38.398144000000045
20.199999999999996	70.07689600000005	2.5019776000000005	6.658975999999998	38.398144000000045
20.21666666666666	70.07689600000005	2.5019776000000005	6.658975999999998	38.398144000000045
20.233333333333327	69.49067200000005	2.5019776000000005	6.658975999999998	37.81192000000004
20.249999999999996	69.49067200000005	2.5019776000000005	6.658975999999998	37.81192000000004
20.266666666666662	69.49067200000005	2.5019776000000005	7.245199999999998	37.22569600000004
20.28333333333333	69.49067200000005	2.5019776000000005	7.245199999999998	37.22569600000004
20.299999999999997	69.49067200000005	2.5019776000000005	7.245199999999998	37.22569600000004
20.316666666666663	68.90444800000004	2.5637152000000007	7.245199999999998	36.02209600000004
20.33333333333333	68.90444800000004	2.5637152000000007	7.245199999999998	36.02209600000004
20.349999999999994	68.90444800000004	2.5637152000000007	7.245199999999998	36.02209600000004
20.366666666666664	68.90444800000004	2.5637152000000007	7.245199999999998	36.02209600000004
20.38333333333333	68.90444800000004	2.5637152000000007	7.245199999999998	36.02209600000004
20.4	68.31822400000004	2.5637152000000007	6.640095999999998	36.04097600000004
20.416666666666664	68.31822400000004	2.501128000000001	6.640095999999998	36.666848000000044
20.43333333333333	68.31822400000004	2.501128000000001	6.640095999999998	36.666848000000044
20.449999999999996	68.31822400000004	2.501128000000001	6.640095999999998	36.666848000000044
20.46666666666666	68.31822400000004	2.501128000000001	7.265967999999998	36.04097600000004
20.483333333333327	68.31822400000004	2.501128000000001	7.265967999999998	36.04097600000004
20.499999999999996	67.73200000000004	2.501128000000001	7.265967999999998	35.45475200000004
20.516666666666662	67.73200000000004	2.501128000000001	7.265967999999998	35.45475200000004
20.53333333333333	67.73200000000004	2.501128000000001	7.265967999999998	35.45475200000004
20.549999999999997	67.73200000000004	2.501128000000001	7.265967999999998	35.45475200000004
20.566666666666663	67.73200000000004	2.501128000000001	7.265967999999998	35.45475200000004
20.58333333333333	67.14577600000004	2.501128000000001	7.265967999999998	34.86852800000004
20.599999999999994	67.14577600000004	2.501128000000001	7.265967999999998	34.86852800000004
20.616666666666664	67.14577600000004	2.501128000000001	7.265967999999998	34.86852800000004
20.63333333333333	67.14577600000004	2.501128000000001	7.265967999999998	34.86852800000004
20.65	66.55955200000004	2.501128000000001	7.265967999999998	34.28230400000004
20.666666666666664	66.55955200000004	2.501128000000001	7.265967999999998	34.28230400000004
20.68333333333333	66.55955200000004	2.501128000000001	6.648591999999999	34.89968000000004
20.699999999999996	66.55955200000004	2.501128000000001	6.648591999999999	34.89968000000004
20.71666666666666	66.55955200000004	2.501128000000001	6.648591999999999	34.89968000000004
20.733333333333327	66.55955200000004	2.501128000000001	6.648591999999999	34.89968000000004
20.749999999999996	66.55955200000004	2.501128000000001	6.648591999999999	34.89968000000004
20.766666666666662	65.97332800000004	2.501128000000001	6.648591999999999	34.31345600000004
20.78333333333333	65.97332800000004	2.501128000000001	6.648591999999999	34.31345600000004
20.799999999999997	65.97332800000004	2.501128000000001	6.648591999999999	34.31345600000004
20.816666666666663	65.97332800000004	2.501128000000001	6.648591999999999	34.31345600000004
20.83333333333333	65.97332800000004	2.501128000000001	6.648591999999999	34.31345600000004
20.849999999999994	65.38710400000004	2.501128000000001	6.648591999999999	33.727232000000036
20.866666666666664	65.38710400000004	2.501128000000001	6.648591999999999	33.727232000000036
20.88333333333333	65.38710400000004	2.501128000000001	7.234815999999999	33.141008000000035
20.9	65.38710400000004	2.501128000000001	7.234815999999999	33.141008000000035
20.916666666666664	65.38710400000004	2.501128000000001	7.234815999999999	33.141008000000035
20.93333333333333	64.80088000000003	2.501128000000001	7.234815999999999	32.55478400000003
20.949999999999996	64.80088000000003	2.501128000000001	7.234815999999999	32.55478400000003
20.96666666666666	64.80088000000003	2.501128000000001	7.234815999999999	32.55478400000003
20.983333333333327	64.80088000000003	2.501128000000001	7.234815999999999	32.55478400000003
20.999999999999996	64.80088000000003	2.501128000000001	7.234815999999999	32.55478400000003
21.016666666666662	64.21465600000003	2.501128000000001	7.8399199999999984	31.36345600000003
21.03333333333333	64.21465600000003	2.501128000000001	7.8399199999999984	31.36345600000003
21.049999999999997	64.21465600000003	2.501128000000001	7.8399199999999984	31.36345600000003
21.066666666666663	64.21465600000003	2.501128000000001	7.8399199999999984	31.36345600000003
21.08333333333333	64.21465600000003	2.501128000000001	7.8399199999999984	31.36345600000003
21.099999999999994	64.21465600000003	2.501128000000001	7.8399199999999984	31.36345600000003
21.116666666666664	63.62843200000004	2.501128000000001	7.8399199999999984	30.77723200000003
21.13333333333333	63.62843200000004	2.501128000000001	7.8399199999999984	30.77723200000003
21.15	63.62843200000004	2.501128000000001	7.8399199999999984	30.77723200000003
21.166666666666664	63.62843200000004	2.501128000000001	7.8399199999999984	30.77723200000003
21.18333333333333	63.62843200000004	2.501128000000001	7.8399199999999984	30.77723200000003
21.199999999999996	63.04220800000004	2.501128000000001	7.8399199999999984	30.19100800000003
21.21666666666666	63.04220800000004	2.501128000000001	7.8399199999999984	30.19100800000003
21.233333333333327	63.04220800000004	2.501128000000001	7.8399199999999984	30.19100800000003
21.249999999999996	63.04220800000004	2.501128000000001	7.8399199999999984	30.19100800000003
21.266666666666662	63.04220800000004	2.501128000000001	8.465791999999999	29.565136000000027
21.28333333333333	62.455984000000036	2.501128000000001	7.879567999999999	29.565136000000027
21.299999999999997	62.455984000000036	2.5628656000000007	7.879567999999999	28.947760000000027
21.316666666666663	62.455984000000036	2.5628656000000007	7.879567999999999	28.947760000000027
21.33333333333333	62.455984000000036	2.5628656000000007	7.879567999999999	28.947760000000027
21.349999999999994	62.455984000000036	2.500278400000001	7.879567999999999	29.57363200000003
21.366666666666664	61.869760000000035	2.500278400000001	7.293343999999999	29.57363200000003
21.38333333333333	61.869760000000035	2.500278400000001	7.293343999999999	29.57363200000003
21.4	61.869760000000035	2.439768000000001	7.293343999999999	30.17873600000003
21.416666666666664	61.869760000000035	2.439768000000001	7.293343999999999	30.17873600000003
21.43333333333333	61.869760000000035	2.439768000000001	7.293343999999999	30.17873600000003
21.449999999999996	61.869760000000035	2.439768000000001	7.293343999999999	30.17873600000003
21.46666666666666	61.28353600000003	2.439768000000001	6.70712	30.17873600000003
21.483333333333327	61.28353600000003	2.439768000000001	6.70712	30.17873600000003
21.499999999999996	61.28353600000003	2.439768000000001	6.70712	30.17873600000003
21.516666666666662	61.28353600000003	2.439768000000001	6.70712	30.17873600000003
21.53333333333333	61.28353600000003	2.439768000000001	6.70712	30.17873600000003
21.549999999999997	60.69731200000003	2.439768000000001	5.50352	30.79611200000003
21.566666666666663	60.69731200000003	2.439768000000001	5.50352	30.79611200000003
21.58333333333333	60.69731200000003	2.439768000000001	5.50352	30.79611200000003
21.599999999999994	60.69731200000003	2.439768000000001	5.50352	30.79611200000003
21.616666666666664	60.69731200000003	2.439768000000001	5.50352	30.79611200000003
21.63333333333333	60.11108800000003	2.439768000000001	4.917296	30.79611200000003
21.65	60.11108800000003	2.439768000000001	4.917296	30.79611200000003
21.666666666666664	60.11108800000003	2.439768000000001	4.917296	30.79611200000003
21.68333333333333	60.11108800000003	2.439768000000001	4.917296	30.79611200000003
21.699999999999996	60.11108800000003	2.439768000000001	4.917296	30.79611200000003
21.71666666666666	59.52486400000003	2.439768000000001	4.331072000000001	30.79611200000003
21.733333333333327	59.52486400000003	2.439768000000001	4.331072000000001	30.79611200000003
21.749999999999996	59.52486400000003	2.439768000000001	4.331072000000001	30.79611200000003
21.766666666666662	59.52486400000003	2.439768000000001	4.331072000000001	30.79611200000003
21.78333333333333	58.93864000000003	2.381145600000001	4.331072000000001	30.79611200000003
21.799999999999997	58.93864000000003	2.381145600000001	4.331072000000001	30.79611200000003
21.816666666666663	58.93864000000003	2.381145600000001	4.331072000000001	30.79611200000003
21.83333333333333	58.93864000000003	2.381145600000001	4.331072000000001	30.79611200000003
21.849999999999994	58.93864000000003	2.381145600000001	4.331072000000001	30.79611200000003
21.86666666666666	58.93864000000003	2.381145600000001	4.936176000000001	30.19100800000003
21.88333333333333	58.35241600000003	2.322523200000001	4.936176000000001	30.19100800000003
21.899999999999995	58.35241600000003	2.322523200000001	4.936176000000001	30.19100800000003
21.916666666666664	58.35241600000003	2.322523200000001	4.936176000000001	30.19100800000003
21.93333333333333	58.35241600000003	2.322523200000001	4.936176000000001	30.19100800000003
21.949999999999996	58.35241600000003	2.322523200000001	4.936176000000001	30.19100800000003
21.96666666666666	57.766192000000025	2.263900800000001	4.936176000000001	30.19100800000003
21.98333333333333	57.766192000000025	2.263900800000001	4.936176000000001	30.19100800000003
21.999999999999996	57.766192000000025	2.263900800000001	4.936176000000001	30.19100800000003
22.016666666666662	57.766192000000025	2.263900800000001	4.936176000000001	30.19100800000003
22.033333333333328	57.766192000000025	2.263900800000001	5.562048000000001	29.565136000000027
22.049999999999997	57.179968000000024	2.205278400000001	5.562048000000001	29.565136000000027
22.066666666666663	57.179968000000024	2.205278400000001	5.562048000000001	29.565136000000027
22.08333333333333	57.179968000000024	2.205278400000001	5.562048000000001	29.565136000000027
22.099999999999994	57.179968000000024	2.205278400000001	5.562048000000001	29.565136000000027
22.116666666666664	57.179968000000024	2.205278400000001	5.562048000000001	29.565136000000027
22.13333333333333	56.59374400000002	2.146656000000001	5.562048000000001	29.565136000000027
22.149999999999995	56.59374400000002	2.146656000000001	5.562048000000001	29.565136000000027
22.166666666666664	56.59374400000002	2.146656000000001	5.562048000000001	29.565136000000027
22.18333333333333	56.59374400000002	2.146656000000001	5.562048000000001	29.565136000000027
22.199999999999996	56.59374400000002	2.146656000000001	5.562048000000001	29.565136000000027
22.21666666666666	56.00752000000002	2.025446400000001	5.562048000000001	30.19100800000003
22.23333333333333	56.00752000000002	2.025446400000001	5.562048000000001	30.19100800000003
22.249999999999996	56.00752000000002	2.025446400000001	6.179424000000001	29.57363200000003
22.266666666666662	56.00752000000002	2.025446400000001	6.179424000000001	29.57363200000003
22.283333333333328	56.00752000000002	2.025446400000001	6.179424000000001	29.57363200000003
22.299999999999997	55.42129600000002	1.9668240000000012	6.179424000000001	29.57363200000003
22.316666666666663	55.42129600000002	1.9668240000000012	6.179424000000001	29.57363200000003
22.33333333333333	55.42129600000002	1.9668240000000012	6.179424000000001	29.57363200000003
22.349999999999994	55.42129600000002	1.9668240000000012	6.179424000000001	29.57363200000003
22.366666666666664	55.42129600000002	1.9668240000000012	6.179424000000001	29.57363200000003
22.38333333333333	54.79542400000002	1.9042368000000012	6.179424000000001	29.57363200000003
22.399999999999995	54.79542400000002	1.843726400000001	6.179424000000001	30.17873600000003
22.416666666666664	54.79542400000002	1.843726400000001	6.179424000000001	30.17873600000003
22.43333333333333	54.79542400000002	1.843726400000001	6.179424000000001	30.17873600000003
22.449999999999996	54.79542400000002	1.843726400000001	6.179424000000001	30.17873600000003
22.46666666666666	54.16955200000002	1.781139200000001	5.562048000000001	30.79611200000003
22.48333333333333	54.16955200000002	1.781139200000001	5.562048000000001	30.79611200000003
22.499999999999996	54.16955200000002	1.781139200000001	5.562048000000001	30.79611200000003
22.516666666666662	54.16955200000002	1.781139200000001	5.562048000000001	30.79611200000003
22.533333333333328	54.16955200000002	1.781139200000001	5.562048000000001	30.79611200000003
22.549999999999997	53.543680000000016	1.781139200000001	5.562048000000001	30.170240000000028
22.566666666666663	53.543680000000016	1.781139200000001	5.562048000000001	30.170240000000028
22.58333333333333	53.543680000000016	1.781139200000001	5.562048000000001	30.170240000000028
22.599999999999994	53.543680000000016	1.781139200000001	5.562048000000001	30.170240000000028
22.616666666666664	53.543680000000016	1.781139200000001	5.562048000000001	30.170240000000028
22.63333333333333	52.917808000000015	1.781139200000001	5.562048000000001	29.544368000000027
22.649999999999995	52.917808000000015	1.781139200000001	5.562048000000001	29.544368000000027
22.66666666666666	52.917808000000015	1.781139200000001	5.562048000000001	29.544368000000027
22.68333333333333	52.917808000000015	1.781139200000001	5.562048000000001	29.544368000000027
22.699999999999996	52.917808000000015	1.781139200000001	6.167152000000001	28.939264000000026
22.71666666666666	52.291936000000014	1.781139200000001	6.167152000000001	28.313392000000025
22.73333333333333	52.291936000000014	1.781139200000001	6.167152000000001	28.313392000000025
22.749999999999996	52.291936000000014	1.781139200000001	6.167152000000001	28.313392000000025
22.766666666666662	52.291936000000014	1.781139200000001	6.793024000000001	27.687520000000024
22.783333333333328	52.291936000000014	1.781139200000001	6.793024000000001	27.687520000000024
22.799999999999997	51.66606400000001	1.781139200000001	6.793024000000001	27.061648000000023
22.816666666666663	51.66606400000001	1.781139200000001	6.793024000000001	27.061648000000023
22.83333333333333	51.66606400000001	1.781139200000001	6.793024000000001	27.061648000000023
22.849999999999994	51.66606400000001	1.781139200000001	6.793024000000001	27.061648000000023
22.866666666666664	51.66606400000001	1.781139200000001	6.793024000000001	27.061648000000023
22.88333333333333	51.04019200000001	1.781139200000001	6.793024000000001	26.435776000000022
22.899999999999995	51.04019200000001	1.781139200000001	6.793024000000001	26.435776000000022
22.91666666666666	51.04019200000001	1.781139200000001	6.793024000000001	26.435776000000022
22.93333333333333	51.04019200000001	1.781139200000001	6.793024000000001	26.435776000000022
22.949999999999996	51.04019200000001	1.781139200000001	6.793024000000001	26.435776000000022
22.96666666666666	50.41432000000001	1.781139200000001	6.793024000000001	25.80990400000002
22.98333333333333	50.41432000000001	1.781139200000001	6.793024000000001	25.80990400000002
22.999999999999996	50.41432000000001	1.781139200000001	6.793024000000001	25.80990400000002
23.016666666666662	50.41432000000001	1.781139200000001	6.793024000000001	25.80990400000002
23.033333333333328	50.41432000000001	1.781139200000001	6.793024000000001	25.80990400000002
23.049999999999997	49.78844800000001	1.781139200000001	6.793024000000001	25.18403200000002
23.066666666666663	49.78844800000001	1.781139200000001	6.793024000000001	25.18403200000002
23.08333333333333	49.78844800000001	1.781139200000001	6.793024000000001	25.18403200000002
23.099999999999994	49.78844800000001	1.781139200000001	6.793024000000001	25.18403200000002
23.116666666666664	49.78844800000001	1.781139200000001	6.793024000000001	25.18403200000002
23.13333333333333	49.16257600000001	1.781139200000001	6.793024000000001	24.55816000000002
23.149999999999995	49.16257600000001	1.781139200000001	7.410400000000001	23.94078400000002
23.16666666666666	49.16257600000001	1.781139200000001	7.410400000000001	23.94078400000002
23.18333333333333	49.16257600000001	1.781139200000001	7.410400000000001	23.94078400000002
23.199999999999996	48.53670400000001	1.781139200000001	7.410400000000001	23.314912000000017
23.21666666666666	48.53670400000001	1.781139200000001	7.410400000000001	23.314912000000017
23.23333333333333	48.53670400000001	1.781139200000001	7.410400000000001	23.314912000000017
23.249999999999996	48.53670400000001	1.781139200000001	7.410400000000001	23.314912000000017
23.266666666666662	48.53670400000001	1.781139200000001	7.410400000000001	23.314912000000017
23.283333333333328	47.910832000000006	1.781139200000001	7.410400000000001	22.689040000000016
23.299999999999997	47.910832000000006	1.781139200000001	7.410400000000001	22.689040000000016
23.316666666666663	47.910832000000006	1.781139200000001	7.410400000000001	22.689040000000016
23.33333333333333	47.910832000000006	1.781139200000001	7.410400000000001	22.689040000000016
23.349999999999994	47.910832000000006	1.781139200000001	7.410400000000001	22.689040000000016
23.366666666666664	47.284960000000005	1.781139200000001	7.410400000000001	22.063168000000015
23.38333333333333	47.284960000000005	1.781139200000001	7.410400000000001	22.063168000000015
23.399999999999995	47.284960000000005	1.781139200000001	7.410400000000001	22.063168000000015
23.41666666666666	47.284960000000005	1.719401600000001	7.410400000000001	22.680544000000015
23.43333333333333	46.659088000000004	1.658891200000001	7.410400000000001	22.659776000000015
23.449999999999996	46.659088000000004	1.658891200000001	7.410400000000001	22.659776000000015
23.46666666666666	46.659088000000004	1.658891200000001	7.410400000000001	22.659776000000015
23.483333333333327	46.659088000000004	1.658891200000001	7.410400000000001	22.659776000000015
23.499999999999996	46.659088000000004	1.658891200000001	7.410400000000001	22.659776000000015
23.516666666666662	46.659088000000004	1.658891200000001	7.410400000000001	22.659776000000015
23.533333333333328	46.033216	1.658891200000001	8.015504	21.428800000000013
23.549999999999997	46.033216	1.658891200000001	8.015504	21.428800000000013
23.566666666666663	46.033216	1.658891200000001	8.015504	21.428800000000013
23.58333333333333	46.033216	1.658891200000001	8.015504	21.428800000000013
23.599999999999994	45.407344	1.658891200000001	8.015504	20.802928000000012
23.616666666666664	45.407344	1.658891200000001	8.015504	20.802928000000012
23.63333333333333	45.407344	1.658891200000001	8.015504	20.802928000000012
23.649999999999995	45.407344	1.658891200000001	8.015504	20.802928000000012
23.66666666666666	45.407344	1.658891200000001	8.015504	20.802928000000012
23.68333333333333	44.781472	1.658891200000001	8.015504	20.17705600000001
23.699999999999996	44.781472	1.658891200000001	8.015504	20.17705600000001
23.71666666666666	44.781472	1.658891200000001	8.015504	20.17705600000001
23.733333333333327	44.781472	1.658891200000001	8.015504	20.17705600000001
23.749999999999996	44.781472	1.658891200000001	8.015504	20.17705600000001
23.766666666666662	44.1556	1.658891200000001	7.389632000000001	20.17705600000001
23.783333333333328	44.1556	1.658891200000001	7.389632000000001	20.17705600000001
23.799999999999997	44.1556	1.658891200000001	7.389632000000001	20.17705600000001
23.816666666666663	44.1556	1.658891200000001	7.389632000000001	20.17705600000001
23.83333333333333	44.1556	1.658891200000001	7.389632000000001	20.17705600000001
23.849999999999994	43.529728	1.658891200000001	6.76376	20.17705600000001
23.866666666666664	43.529728	1.658891200000001	6.76376	20.17705600000001
23.88333333333333	43.529728	1.658891200000001	6.76376	20.17705600000001
23.899999999999995	43.529728	1.658891200000001	6.76376	20.17705600000001
23.91666666666666	42.903856	1.658891200000001	6.137888	20.17705600000001
23.93333333333333	42.903856	1.658891200000001	6.137888	20.17705600000001
23.949999999999996	42.903856	1.658891200000001	6.137888	20.17705600000001
23.96666666666666	42.903856	1.658891200000001	6.137888	20.17705600000001
23.983333333333327	42.903856	1.658891200000001	6.137888	20.17705600000001
23.999999999999996	42.277984	1.658891200000001	5.512016	20.17705600000001
24.016666666666662	42.277984	1.658891200000001	5.512016	20.17705600000001
24.033333333333328	42.277984	1.658891200000001	5.512016	20.17705600000001
24.049999999999997	42.277984	1.658891200000001	6.129392	19.55968000000001
24.066666666666663	42.277984	1.658891200000001	6.129392	19.55968000000001
24.08333333333333	41.652111999999995	1.658891200000001	5.50352	19.55968000000001
24.099999999999994	41.652111999999995	1.658891200000001	5.50352	19.55968000000001
24.116666666666664	41.652111999999995	1.658891200000001	5.50352	19.55968000000001
24.13333333333333	41.652111999999995	1.658891200000001	5.50352	19.55968000000001
24.149999999999995	41.026239999999994	1.658891200000001	4.877648	19.55968000000001
24.16666666666666	41.026239999999994	1.658891200000001	4.877648	19.55968000000001
24.18333333333333	41.026239999999994	1.658891200000001	4.877648	19.55968000000001
24.199999999999996	41.026239999999994	1.658891200000001	4.877648	19.55968000000001
24.21666666666666	41.026239999999994	1.658891200000001	4.877648	19.55968000000001
24.233333333333327	40.40036799999999	1.5963040000000008	4.877648	19.55968000000001
24.249999999999996	40.40036799999999	1.5963040000000008	4.877648	19.55968000000001
24.266666666666662	40.40036799999999	1.5963040000000008	4.877648	19.55968000000001
24.283333333333328	40.40036799999999	1.5963040000000008	4.877648	19.55968000000001
24.299999999999997	39.77449599999999	1.5337168000000008	4.877648	19.55968000000001
24.316666666666663	39.77449599999999	1.5337168000000008	4.877648	19.55968000000001
24.33333333333333	39.77449599999999	1.5337168000000008	5.482752	18.95457600000001
24.349999999999994	39.77449599999999	1.5337168000000008	5.482752	18.95457600000001
24.366666666666664	39.14862399999999	1.4711296000000007	5.482752	18.95457600000001
24.38333333333333	39.14862399999999	1.4711296000000007	5.482752	18.95457600000001
24.399999999999995	39.14862399999999	1.4711296000000007	5.482752	18.95457600000001
24.41666666666666	39.14862399999999	1.4711296000000007	5.482752	18.95457600000001
24.43333333333333	39.14862399999999	1.3488816000000003	5.482752	20.17705600000001
24.449999999999996	39.14862399999999	1.3488816000000003	5.482752	20.17705600000001
24.46666666666666	38.52275199999999	1.2862944000000003	5.482752	20.17705600000001
24.483333333333327	38.52275199999999	1.2862944000000003	5.482752	20.17705600000001
24.499999999999996	38.52275199999999	1.2862944000000003	5.482752	20.17705600000001
24.516666666666662	38.52275199999999	1.2862944000000003	5.482752	20.17705600000001
24.533333333333328	37.89687999999999	1.2237072000000002	5.482752	20.17705600000001
24.549999999999997	37.89687999999999	1.2237072000000002	5.482752	20.17705600000001
24.566666666666663	37.89687999999999	1.2237072000000002	5.482752	20.17705600000001
24.58333333333333	37.89687999999999	1.2237072000000002	5.482752	20.17705600000001
24.599999999999994	37.29177599999999	1.1631968000000001	5.482752	20.17705600000001
24.616666666666664	37.29177599999999	1.1631968000000001	5.482752	20.17705600000001
24.63333333333333	37.29177599999999	1.1631968000000001	5.482752	20.17705600000001
24.649999999999995	37.29177599999999	1.1631968000000001	5.482752	20.17705600000001
24.66666666666666	36.686671999999994	1.1026864	5.482752	20.17705600000001
24.68333333333333	36.686671999999994	1.1026864	5.482752	20.17705600000001
24.699999999999996	36.686671999999994	1.1026864	5.482752	20.17705600000001
24.71666666666666	36.686671999999994	1.1026864	5.482752	20.17705600000001
24.733333333333327	36.686671999999994	1.1026864	5.482752	20.17705600000001
24.749999999999996	36.081568	1.042176	5.482752	20.17705600000001
24.766666666666662	36.081568	1.042176	5.482752	20.17705600000001
24.783333333333328	36.081568	1.042176	5.482752	20.17705600000001
24.799999999999994	36.081568	1.042176	5.482752	20.17705600000001
24.816666666666663	35.476464	1.042176	5.482752	19.57195200000001
24.83333333333333	35.476464	1.042176	5.482752	19.57195200000001
24.849999999999994	35.476464	1.042176	5.482752	19.57195200000001
24.866666666666664	35.476464	1.042176	5.482752	19.57195200000001
24.88333333333333	35.476464	1.042176	5.482752	19.57195200000001
24.899999999999995	34.87136	1.042176	6.100128	18.34947200000001
24.91666666666666	34.87136	1.042176	6.100128	18.34947200000001
24.93333333333333	34.87136	1.042176	6.100128	18.34947200000001
24.949999999999996	34.87136	1.042176	6.100128	18.34947200000001
24.96666666666666	34.266256000000006	1.042176	6.100128	17.74436800000001
24.983333333333327	34.266256000000006	1.042176	6.100128	17.74436800000001
24.999999999999996	34.266256000000006	1.042176	6.100128	17.74436800000001
25.016666666666662	34.266256000000006	1.042176	6.100128	17.74436800000001
25.033333333333328	33.66115200000001	1.042176	6.100128	17.139264000000008
25.049999999999994	33.66115200000001	1.042176	6.100128	17.139264000000008
25.066666666666663	33.66115200000001	1.042176	6.100128	17.139264000000008
25.08333333333333	33.66115200000001	1.042176	6.100128	17.139264000000008
25.099999999999994	33.66115200000001	1.042176	6.100128	17.139264000000008
25.116666666666664	33.05604800000001	1.042176	6.100128	16.534160000000007
25.13333333333333	33.05604800000001	1.042176	6.100128	16.534160000000007
25.149999999999995	33.05604800000001	1.042176	6.100128	16.534160000000007
25.16666666666666	33.05604800000001	1.042176	6.100128	16.534160000000007
25.18333333333333	32.450944000000014	1.042176	6.100128	15.929056000000008
25.199999999999996	32.450944000000014	1.042176	6.100128	15.929056000000008
25.21666666666666	32.450944000000014	1.042176	6.100128	15.929056000000008
25.233333333333327	32.450944000000014	1.042176	6.100128	15.929056000000008
25.249999999999996	31.845840000000017	1.042176	6.100128	15.323952000000007
25.266666666666662	31.845840000000017	1.042176	6.100128	15.323952000000007
25.283333333333328	31.845840000000017	1.042176	6.100128	15.323952000000007
25.299999999999994	31.845840000000017	1.042176	6.100128	15.323952000000007
25.316666666666663	31.240736000000016	1.042176	6.100128	14.718848000000007
25.33333333333333	31.240736000000016	1.042176	6.100128	14.718848000000007
25.349999999999994	31.240736000000016	1.042176	6.100128	14.718848000000007
25.366666666666664	31.240736000000016	1.042176	6.100128	14.718848000000007
25.38333333333333	31.240736000000016	1.042176	6.100128	14.718848000000007
25.399999999999995	30.635632000000015	1.042176	6.100128	14.113744000000006
25.41666666666666	30.635632000000015	1.042176	6.100128	14.113744000000006
25.43333333333333	30.635632000000015	1.042176	6.100128	14.113744000000006
25.449999999999996	30.635632000000015	1.042176	6.100128	14.113744000000006
25.46666666666666	30.030528000000015	0.9804383999999999	6.100128	14.126016000000005
25.483333333333327	30.030528000000015	0.9804383999999999	6.100128	14.126016000000005
25.499999999999996	30.030528000000015	0.9804383999999999	6.100128	14.126016000000005
25.516666666666662	30.030528000000015	0.9804383999999999	6.100128	14.126016000000005
25.533333333333328	29.425424000000014	0.9804383999999999	6.100128	13.520912000000004
25.549999999999994	29.425424000000014	0.9804383999999999	6.100128	13.520912000000004
25.566666666666663	29.425424000000014	0.9804383999999999	6.100128	13.520912000000004
25.58333333333333	29.425424000000014	0.9804383999999999	6.100128	13.520912000000004
25.599999999999994	28.820320000000013	0.9804383999999999	6.100128	12.915808000000004
25.61666666666666	28.820320000000013	0.9804383999999999	6.100128	12.915808000000004
25.63333333333333	28.820320000000013	0.9804383999999999	6.100128	12.915808000000004
25.649999999999995	28.820320000000013	0.9804383999999999	6.100128	12.915808000000004
25.66666666666666	28.215216000000012	0.9804383999999999	6.100128	12.310704000000003
25.68333333333333	28.215216000000012	0.9804383999999999	6.100128	12.310704000000003
25.699999999999996	28.215216000000012	0.9804383999999999	6.100128	12.310704000000003
25.71666666666666	28.215216000000012	0.9804383999999999	6.100128	12.310704000000003
25.733333333333327	27.61011200000001	0.9804383999999999	6.717504	11.088224000000002
25.749999999999996	27.61011200000001	0.9804383999999999	6.717504	11.088224000000002
25.766666666666662	27.61011200000001	0.9804383999999999	6.717504	11.088224000000002
25.783333333333328	27.00500800000001	0.9804383999999999	6.717504	10.483120000000001
25.799999999999994	27.00500800000001	0.9804383999999999	6.717504	10.483120000000001
25.816666666666663	27.00500800000001	0.9804383999999999	6.717504	10.483120000000001
25.83333333333333	27.00500800000001	0.9804383999999999	6.717504	10.483120000000001
25.849999999999994	27.00500800000001	0.9804383999999999	6.717504	10.483120000000001
25.86666666666666	26.39990400000001	0.9804383999999999	6.717504	9.878016
25.88333333333333	26.39990400000001	0.9804383999999999	6.717504	9.878016
25.899999999999995	26.39990400000001	0.9804383999999999	6.717504	9.878016
25.91666666666666	26.39990400000001	0.9804383999999999	6.717504	9.878016
25.93333333333333	25.79480000000001	0.9804383999999999	6.1124	9.878016
25.949999999999996	25.79480000000001	0.9804383999999999	6.1124	9.878016
25.96666666666666	25.79480000000001	0.9804383999999999	6.1124	9.878016
25.983333333333327	25.79480000000001	0.9804383999999999	6.1124	9.878016
25.999999999999996	25.18969600000001	0.9804383999999999	5.507296	9.878016
26.016666666666662	25.18969600000001	0.9804383999999999	5.507296	9.878016
26.033333333333328	25.18969600000001	0.9804383999999999	5.507296	9.878016
26.049999999999994	24.584592000000008	0.9804383999999999	4.902192	9.878016
26.066666666666663	24.584592000000008	0.9804383999999999	4.902192	9.878016
26.08333333333333	24.584592000000008	0.9804383999999999	4.902192	9.878016
26.099999999999994	24.584592000000008	0.9804383999999999	4.902192	9.878016
26.11666666666666	23.979488000000007	0.9804383999999999	4.2970880000000005	9.878016
26.13333333333333	23.979488000000007	0.9804383999999999	4.2970880000000005	9.878016
26.149999999999995	23.979488000000007	0.9804383999999999	4.2970880000000005	9.878016
26.16666666666666	23.979488000000007	0.9804383999999999	4.2970880000000005	9.878016
26.18333333333333	23.374384000000006	0.9804383999999999	3.691984	9.878016
26.199999999999996	23.374384000000006	0.9804383999999999	3.691984	9.878016
26.21666666666666	23.374384000000006	0.9804383999999999	3.691984	9.878016
26.233333333333327	23.374384000000006	0.9804383999999999	3.691984	9.878016
26.249999999999996	22.769280000000006	0.9804383999999999	3.0868800000000003	9.878016
26.266666666666662	22.769280000000006	0.9804383999999999	3.0868800000000003	9.878016
26.283333333333328	22.769280000000006	0.9804383999999999	3.0868800000000003	9.878016
26.299999999999994	22.769280000000006	0.9804383999999999	3.0868800000000003	9.878016
26.316666666666663	22.164176000000005	0.919928	3.0868800000000003	9.878016
26.33333333333333	22.164176000000005	0.919928	3.0868800000000003	9.878016
26.349999999999994	22.164176000000005	0.919928	3.0868800000000003	9.878016
26.36666666666666	22.164176000000005	0.919928	3.0868800000000003	9.878016
26.38333333333333	21.559072000000004	0.8594176	3.0868800000000003	9.878016
26.399999999999995	21.559072000000004	0.8594176	3.0868800000000003	9.878016
26.41666666666666	21.559072000000004	0.8594176	3.0868800000000003	9.878016
26.43333333333333	21.559072000000004	0.8594176	3.0868800000000003	9.878016
26.449999999999996	20.953968000000003	0.7989072	3.0868800000000003	9.878016
26.46666666666666	20.953968000000003	0.7989072	3.0868800000000003	9.878016
26.483333333333327	20.953968000000003	0.7989072	3.0868800000000003	9.878016
26.499999999999996	20.348864000000003	0.7383968000000001	3.0868800000000003	9.878016
26.516666666666662	20.348864000000003	0.7383968000000001	3.0868800000000003	9.878016
26.533333333333328	20.348864000000003	0.6766592	3.0868800000000003	10.495392
26.549999999999994	20.348864000000003	0.6766592	3.0868800000000003	10.495392
26.566666666666663	19.74376	0.6161488	3.0868800000000003	10.495392
26.58333333333333	19.74376	0.6161488	3.0868800000000003	10.495392
26.599999999999994	19.74376	0.6161488	3.0868800000000003	10.495392
26.61666666666666	19.74376	0.6161488	3.0868800000000003	10.495392
26.63333333333333	19.138656	0.5556384000000001	3.0868800000000003	10.495392
26.649999999999995	19.138656	0.5556384000000001	3.0868800000000003	10.495392
26.66666666666666	19.138656	0.5556384000000001	3.0868800000000003	10.495392
26.68333333333333	19.138656	0.5556384000000001	3.0868800000000003	10.495392
26.699999999999996	18.52128	0.49390080000000003	3.0868800000000003	10.495392
26.71666666666666	18.52128	0.49390080000000003	3.0868800000000003	10.495392
26.733333333333327	18.52128	0.49390080000000003	3.0868800000000003	10.495392
26.749999999999996	17.903904	0.49390080000000003	3.0868800000000003	9.878016
26.766666666666662	17.903904	0.49390080000000003	3.0868800000000003	9.878016
26.783333333333328	17.903904	0.49390080000000003	3.0868800000000003	9.878016
26.799999999999994	17.903904	0.49390080000000003	3.0868800000000003	9.878016
26.816666666666663	17.286528	0.49390080000000003	3.0868800000000003	9.26064
26.83333333333333	17.286528	0.49390080000000003	3.0868800000000003	9.26064
26.849999999999994	17.286528	0.49390080000000003	3.0868800000000003	9.26064
26.86666666666666	17.286528	0.49390080000000003	3.0868800000000003	9.26064
26.88333333333333	16.669152	0.49390080000000003	3.0868800000000003	8.643264
26.899999999999995	16.669152	0.49390080000000003	3.0868800000000003	8.643264
26.91666666666666	16.051776	0.49390080000000003	3.0868800000000003	8.025888
26.933333333333326	16.051776	0.49390080000000003	3.0868800000000003	8.025888
26.949999999999996	16.051776	0.49390080000000003	3.0868800000000003	8.025888
26.96666666666666	16.051776	0.49390080000000003	3.0868800000000003	8.025888
26.983333333333327	15.434400000000002	0.49390080000000003	3.0868800000000003	7.408512000000001
26.999999999999996	15.434400000000002	0.49390080000000003	3.0868800000000003	7.408512000000001
27.016666666666662	15.434400000000002	0.49390080000000003	3.0868800000000003	7.408512000000001
27.033333333333328	15.434400000000002	0.49390080000000003	3.0868800000000003	7.408512000000001
27.049999999999994	14.817024000000002	0.49390080000000003	3.0868800000000003	6.791136000000001
27.066666666666663	14.817024000000002	0.49390080000000003	3.0868800000000003	6.791136000000001
27.08333333333333	14.817024000000002	0.49390080000000003	3.0868800000000003	6.791136000000001
27.099999999999994	14.199648000000002	0.49390080000000003	3.0868800000000003	6.173760000000001
27.11666666666666	14.199648000000002	0.49390080000000003	3.0868800000000003	6.173760000000001
27.13333333333333	14.199648000000002	0.49390080000000003	3.0868800000000003	6.173760000000001
27.149999999999995	14.199648000000002	0.49390080000000003	3.0868800000000003	6.173760000000001
27.16666666666666	13.582272000000001	0.49390080000000003	3.0868800000000003	5.556384
27.183333333333326	13.582272000000001	0.49390080000000003	3.0868800000000003	5.556384
27.199999999999996	13.582272000000001	0.49390080000000003	3.0868800000000003	5.556384
27.21666666666666	12.964896000000001	0.49390080000000003	3.0868800000000003	4.939008
27.233333333333327	12.964896000000001	0.49390080000000003	3.0868800000000003	4.939008
27.249999999999996	12.964896000000001	0.49390080000000003	3.0868800000000003	4.939008
27.266666666666662	12.964896000000001	0.49390080000000003	3.0868800000000003	4.939008
27.283333333333328	12.347520000000001	0.49390080000000003	3.0868800000000003	4.321632
27.299999999999994	12.347520000000001	0.49390080000000003	3.0868800000000003	4.321632
27.316666666666663	12.347520000000001	0.49390080000000003	3.0868800000000003	4.321632
27.33333333333333	11.730144000000001	0.49390080000000003	3.0868800000000003	3.7042560000000004
27.349999999999994	11.730144000000001	0.49390080000000003	3.0868800000000003	3.7042560000000004
27.36666666666666	11.730144000000001	0.49390080000000003	3.0868800000000003	3.7042560000000004
27.38333333333333	11.730144000000001	0.49390080000000003	3.0868800000000003	3.7042560000000004
27.399999999999995	11.112768	0.49390080000000003	3.0868800000000003	3.0868800000000003
27.41666666666666	11.112768	0.49390080000000003	3.0868800000000003	3.0868800000000003
27.433333333333326	11.112768	0.49390080000000003	3.0868800000000003	3.0868800000000003
27.449999999999996	10.495392	0.49390080000000003	3.0868800000000003	2.469504
27.46666666666666	10.495392	0.49390080000000003	3.0868800000000003	2.469504
27.483333333333327	10.495392	0.49390080000000003	3.0868800000000003	2.469504
27.499999999999996	10.495392	0.49390080000000003	3.0868800000000003	2.469504
27.516666666666662	9.878016	0.49390080000000003	3.0868800000000003	1.852128
27.533333333333328	9.878016	0.49390080000000003	3.0868800000000003	1.852128
27.549999999999994	9.878016	0.49390080000000003	3.0868800000000003	1.852128
27.566666666666663	9.26064	0.49390080000000003	3.0868800000000003	1.234752
27.58333333333333	9.26064	0.49390080000000003	3.0868800000000003	1.234752
27.599999999999994	9.26064	0.49390080000000003	3.0868800000000003	1.234752
27.61666666666666	9.26064	0.49390080000000003	3.0868800000000003	1.234752
27.63333333333333	8.643264	0.49390080000000003	3.0868800000000003	0.617376
27.649999999999995	8.643264	0.49390080000000003	3.0868800000000003	0.617376
27.66666666666666	8.643264	0.49390080000000003	3.0868800000000003	0.617376
27.683333333333326	8.025888	0.49390080000000003	3.0868800000000003	0.0
27.699999999999996	8.025888	0.49390080000000003	3.0868800000000003	0.0
27.71666666666666	8.025888	0.49390080000000003	3.0868800000000003	0.0
27.733333333333327	7.408512000000001	0.49390080000000003	2.469504	0.0
27.749999999999993	7.408512000000001	0.49390080000000003	2.469504	0.0
27.766666666666662	7.408512000000001	0.49390080000000003	2.469504	0.0
27.783333333333328	7.408512000000001	0.49390080000000003	2.469504	0.0
27.799999999999994	6.791136000000001	0.49390080000000003	1.852128	0.0
27.816666666666663	6.791136000000001	0.49390080000000003	1.852128	0.0
27.83333333333333	6.791136000000001	0.49390080000000003	1.852128	0.0
27.849999999999994	6.173760000000001	0.49390080000000003	1.234752	0.0
27.86666666666666	6.173760000000001	0.49390080000000003	1.234752	0.0
27.88333333333333	6.173760000000001	0.49390080000000003	1.234752	0.0
27.899999999999995	5.556384	0.49390080000000003	0.617376	0.0
27.91666666666666	5.556384	0.49390080000000003	0.617376	0.0
27.933333333333326	5.556384	0.49390080000000003	0.617376	0.0
27.949999999999996	4.939008	0.49390080000000003	0.0	0.0
27.96666666666666	4.939008	0.49390080000000003	0.0	0.0
27.983333333333327	4.939008	0.49390080000000003	0.0	0.0
27.999999999999993	4.321632	0.4321632	0.0	0.0
28.016666666666662	4.321632	0.4321632	0.0	0.0
28.033333333333328	4.321632	0.4321632	0.0	0.0
28.049999999999994	4.321632	0.4321632	0.0	0.0
28.066666666666663	3.7042560000000004	0.3704256	0.0	0.0
28.08333333333333	3.7042560000000004	0.3704256	0.0	0.0
28.099999999999994	3.7042560000000004	0.3704256	0.0	0.0
28.11666666666666	3.0868800000000003	0.308688	0.0	0.0
28.13333333333333	3.0868800000000003	0.308688	0.0	0.0
28.149999999999995	3.0868800000000003	0.308688	0.0	0.0
28.16666666666666	2.469504	0.24695040000000001	0.0	0.0
28.183333333333326	2.469504	0.24695040000000001	0.0	0.0
28.199999999999996	2.469504	0.24695040000000001	0.0	0.0
28.21666666666666	2.469504	0.24695040000000001	0.0	0.0
28.233333333333327	1.852128	0.1852128	0.0	0.0
28.249999999999993	1.852128	0.1852128	0.0	0.0
28.266666666666662	1.852128	0.1852128	0.0	0.0
28.283333333333328	1.234752	0.12347520000000001	0.0	0.0
28.299999999999994	1.234752	0.12347520000000001	0.0	0.0
28.316666666666663	1.234752	0.12347520000000001	0.0	0.0
28.33333333333333	0.617376	0.061737600000000004	0.0	0.0
28.349999999999994	0.617376	0.061737600000000004	0.0	0.0
28.36666666666666	0.617376	0.061737600000000004	0.0	0.0
28.38333333333333	0.617376	0.061737600000000004	0.0	0.0
28.399999999999995	0.0	0.0	0.0	0.0
28.41666666666666	0.0	0.0	0.0	0.0
28.433333333333326	0.0	0.0	0.0	0.0
28.449999999999996	0.0	0.0	0.0	0.0
28.46666666666666	0.0	0.0	0.0	0.0
28.483333333333327	0.0	0.0	0.0	0.0
28.499999999999993	0.0	0.0	0.0	0.0
28.516666666666662	0.0	0.0	0.0	0.0
28.533333333333328	0.0	0.0	0.0	0.0
28.549999999999994	0.0	0.0	0.0	0.0
28.566666666666663	0.0	0.0	0.0	0.0
28.58333333333333	0.0	0.0	0.0	0.0
28.599999999999994	0.0	0.0	0.0	0.0
28.61666666666666	0.0	0.0	0.0	0.0
28.63333333333333	0.0	0.0	0.0	0.0
28.649999999999995	0.0	0.0	0.0	0.0
28.66666666666666	0.0	0.0	0.0	0.0
28.683333333333326	0.0	0.0	0.0	0.0
28.699999999999996	0.0	0.0	0.0	0.0
28.71666666666666	0.0	0.0	0.0	0.0
28.733333333333327	0.0	0.0	0.0	0.0
28.749999999999993	0.0	0.0	0.0	0.0
28.766666666666662	0.0	0.0	0.0	0.0
28.783333333333328	0.0	0.0	0.0	0.0
28.799999999999994	0.0	0.0	0.0	0.0
28.816666666666663	0.0	0.0	0.0	0.0
28.83333333333333	0.0	0.0	0.0	0.0
28.849999999999994	0.0	0.0	0.0	0.0
28.86666666666666	0.0	0.0	0.0	0.0
28.88333333333333	0.0	0.0	0.0	0.0
28.899999999999995	0.0	0.0	0.0	0.0
28.91666666666666	0.0	0.0	0.0	0.0
28.933333333333326	0.0	0.0	0.0	0.0
28.949999999999996	0.0	0.0	0.0	0.0
28.96666666666666	0.0	0.0	0.0	0.0
28.983333333333327	0.0	0.0	0.0	0.0
28.999999999999993	0.0	0.0	0.0	0.0
29.016666666666662	0.0	0.0	0.0	0.0
29.033333333333328	0.0	0.0	0.0	0.0
29.049999999999994	0.0	0.0	0.0	0.0
29.06666666666666	0.0	0.0	0.0	0.0
29.08333333333333	0.0	0.0	0.0	0.0
29.099999999999994	0.0	0.0	0.0	0.0
29.11666666666666	0.0	0.0	0.0	0.0
29.13333333333333	0.0	0.0	0.0	0.0
29.149999999999995	0.0	0.0	0.0	0.0
29.16666666666666	0.0	0.0	0.0	0.0
29.183333333333326	0.0	0.0	0.0	0.0
29.199999999999996	0.0	0.0	0.0	0.0
29.21666666666666	0.0	0.0	0.0	0.0
29.233333333333327	0.0	0.0	0.0	0.0
29.249999999999993	0.0	0.0	0.0	0.0
29.266666666666662	0.0	0.0	0.0	0.0
29.283333333333328	0.0	0.0	0.0	0.0
29.299999999999994	0.0	0.0	0.0	0.0
29.31666666666666	0.0	0.0	0.0	0.0
29.33333333333333	0.0	0.0	0.0	0.0
29.349999999999994	0.0	0.0	0.0	0.0
29.36666666666666	0.0	0.0	0.0	0.0
29.38333333333333	0.0	0.0	0.0	0.0
29.399999999999995	0.0	0.0	0.0	0.0
29.41666666666666	0.0	0.0	0.0	0.0
29.433333333333326	0.0	0.0	0.0	0.0
29.449999999999996	0.0	0.0	0.0	0.0
29.46666666666666	0.0	0.0	0.0	0.0
29.483333333333327	0.0	0.0	0.0	0.0
29.499999999999993	0.0	0.0	0.0	0.0
29.516666666666662	0.0	0.0	0.0	0.0
29.533333333333328	0.0	0.0	0.0	0.0
29.549999999999994	0.0	0.0	0.0	0.0
29.56666666666666	0.0	0.0	0.0	0.0
29.58333333333333	0.0	0.0	0.0	0.0
29.599999999999994	0.0	0.0	0.0	0.0
29.61666666666666	0.0	0.0	0.0	0.0
29.63333333333333	0.0	0.0	0.0	0.0
29.649999999999995	0.0	0.0	0.0	0.0
29.66666666666666	0.0	0.0	0.0	0.0
29.683333333333326	0.0	0.0	0.0	0.0
29.699999999999996	0.0	0.0	0.0	0.0
29.71666666666666	0.0	0.0	0.0	0.0
29.733333333333327	0.0	0.0	0.0	0.0
29.749999999999993	0.0	0.0	0.0	0.0
29.766666666666662	0.0	0.0	0.0	0.0
29.783333333333328	0.0	0.0	0.0	0.0
29.799999999999994	0.0	0.0	0.0	0.0
29.81666666666666	0.0	0.0	0.0	0.0
29.83333333333333	0.0	0.0	0.0	0.0
29.849999999999994	0.0	0.0	0.0	0.0
29.86666666666666	0.0	0.0	0.0	0.0
29.883333333333326	0.0	0.0	0.0	0.0
29.899999999999995	0.0	0.0	0.0	0.0
29.91666666666666	0.0	0.0	0.0	0.0
29.933333333333326	0.0	0.0	0.0	0.0
29.949999999999996	0.0	0.0	0.0	0.0
29.96666666666666	0.0	0.0	0.0	0.0
29.983333333333327	0.0	0.0	0.0	0.0
29.999999999999993	0.0	0.0	0.0	0.0
30.016666666666662	0.0	0.0	0.0	0.0
30.033333333333328	0.0	0.0	0.0	0.0
30.049999999999994	0.0	0.0	0.0	0.0
30.06666666666666	0.0	0.0	0.0	0.0
30.08333333333333	0.0	0.0	0.0	0.0
30.099999999999994	0.0	0.0	0.0	0.0
