LST	all	br	grey	dark
11.883333333333333	0.0	0.0	0.0	0.0
11.9	0.0	0.0	0.0	0.0
11.916666666666666	0.0	0.0	0.0	0.0
11.933333333333334	0.0	0.0	0.0	0.0
11.95	0.0	0.0	0.0	0.0
11.966666666666667	0.0	0.0	0.0	0.0
11.983333333333333	0.0	0.0	0.0	0.0
12.0	0.0	0.0	0.0	0.0
12.016666666666667	0.0	0.0	0.0	0.0
12.033333333333333	0.0	0.0	0.0	0.0
12.05	0.0	0.0	0.0	0.0
12.066666666666666	0.0	0.0	0.0	0.0
12.083333333333334	0.0	0.0	0.0	0.0
12.1	0.0	0.0	0.0	0.0
12.116666666666667	0.0	0.0	0.0	0.0
12.133333333333333	0.0	0.0	0.0	0.0
12.15	0.0	0.0	0.0	0.0
12.166666666666666	0.0	0.0	0.0	0.0
12.183333333333334	0.0	0.0	0.0	0.0
12.2	0.0	0.0	0.0	0.0
12.216666666666667	0.0	0.0	0.0	0.0
12.233333333333333	0.0	0.0	0.0	0.0
12.25	0.0	0.0	0.0	0.0
12.266666666666666	0.0	0.0	0.0	0.0
12.283333333333333	0.0	0.0	0.0	0.0
12.3	0.0	0.0	0.0	0.0
12.316666666666666	0.0	0.0	0.0	0.0
12.333333333333334	0.0	0.0	0.0	0.0
12.35	0.0	0.0	0.0	0.0
12.366666666666667	0.0	0.0	0.0	0.0
12.383333333333333	0.0	0.0	0.0	0.0
12.4	0.0	0.0	0.0	0.0
12.416666666666666	0.0	0.0	0.0	0.0
12.433333333333334	0.0	0.0	0.0	0.0
12.45	0.0	0.0	0.0	0.0
12.466666666666667	0.0	0.0	0.0	0.0
12.483333333333333	0.0	0.0	0.0	0.0
12.5	0.0	0.0	0.0	0.0
12.516666666666666	0.0	0.0	0.0	0.0
12.533333333333333	0.0	0.0	0.0	0.0
12.55	0.0	0.0	0.0	0.0
12.566666666666666	0.0	0.0	0.0	0.0
12.583333333333334	0.0	0.0	0.0	0.0
12.6	0.0	0.0	0.0	0.0
12.616666666666667	0.0	0.0	0.0	0.0
12.633333333333333	0.0	0.0	0.0	0.0
12.65	0.0	0.0	0.0	0.0
12.666666666666666	0.0	0.0	0.0	0.0
12.683333333333334	0.0	0.0	0.0	0.0
12.7	0.0	0.0	0.0	0.0
12.716666666666667	0.0	0.0	0.0	0.0
12.733333333333333	0.0	0.0	0.0	0.0
12.75	0.0	0.0	0.0	0.0
12.766666666666666	0.0	0.0	0.0	0.0
12.783333333333333	0.0	0.0	0.0	0.0
12.8	0.0	0.0	0.0	0.0
12.816666666666666	0.0	0.0	0.0	0.0
12.833333333333332	0.0	0.0	0.0	0.0
12.85	0.0	0.0	0.0	0.0
12.866666666666667	0.0	0.0	0.0	0.0
12.883333333333333	0.0	0.0	0.0	0.0
12.9	0.0	0.0	0.0	0.0
12.916666666666666	0.0	0.0	0.0	0.0
12.933333333333334	0.0	0.0	0.0	0.0
12.95	0.0	0.0	0.0	0.0
12.966666666666667	0.0	0.0	0.0	0.0
12.983333333333333	0.0	0.0	0.0	0.0
13.0	0.0	0.0	0.0	0.0
13.016666666666666	0.0	0.0	0.0	0.0
13.033333333333333	0.0	0.0	0.0	0.0
13.05	0.0	0.0	0.0	0.0
13.066666666666666	0.0	0.0	0.0	0.0
13.083333333333332	0.0	0.0	0.0	0.0
13.1	0.0	0.0	0.0	0.0
13.116666666666667	0.0	0.0	0.0	0.0
13.133333333333333	0.0	0.0	0.0	0.0
13.15	0.0	0.0	0.0	0.0
13.166666666666666	0.0	0.0	0.0	0.0
13.183333333333334	0.0	0.0	0.0	0.0
13.2	0.0	0.0	0.0	0.0
13.216666666666667	0.0	0.0	0.0	0.0
13.233333333333333	0.0	0.0	0.0	0.0
13.25	0.0	0.0	0.0	0.0
13.266666666666666	0.0	0.0	0.0	0.0
13.283333333333333	0.0	0.0	0.0	0.0
13.299999999999999	0.0	0.0	0.0	0.0
13.316666666666666	0.0	0.0	0.0	0.0
13.333333333333332	0.0	0.0	0.0	0.0
13.35	0.0	0.0	0.0	0.0
13.366666666666667	0.0	0.0	0.0	0.0
13.383333333333333	0.0	0.0	0.0	0.0
13.4	0.0	0.0	0.0	0.0
13.416666666666666	0.0	0.0	0.0	0.0
13.433333333333334	0.0	0.0	0.0	0.0
13.45	0.0	0.0	0.0	0.0
13.466666666666667	0.0	0.0	0.0	0.0
13.483333333333333	0.0	0.0	0.0	0.0
13.5	0.0	0.0	0.0	0.0
13.516666666666666	0.0	0.0	0.0	0.0
13.533333333333333	0.0	0.0	0.0	0.0
13.549999999999999	0.0	0.0	0.0	0.0
13.566666666666666	0.0	0.0	0.0	0.0
13.583333333333332	0.0	0.0	0.0	0.0
13.6	0.0	0.0	0.0	0.0
13.616666666666667	0.0	0.0	0.0	0.0
13.633333333333333	0.0	0.0	0.0	0.0
13.649999999999999	0.0	0.0	0.0	0.0
13.666666666666666	0.0	0.0	0.0	0.0
13.683333333333334	0.0	0.0	0.0	0.0
13.7	0.0	0.0	0.0	0.0
13.716666666666667	0.0	0.0	0.0	0.0
13.733333333333333	0.0	0.0	0.0	0.0
13.75	0.0	0.0	0.0	0.0
13.766666666666666	0.0	0.0	0.0	0.0
13.783333333333333	0.0	0.0	0.0	0.0
13.799999999999999	0.0	0.0	0.0	0.0
13.816666666666666	0.0	0.0	0.0	0.0
13.833333333333332	0.0	0.0	0.0	0.0
13.85	0.0	0.0	0.0	0.0
13.866666666666667	0.0	0.0	0.0	0.0
13.883333333333333	0.0	0.0	0.0	0.0
13.899999999999999	0.0	0.0	0.0	0.0
13.916666666666666	0.0	0.0	0.0	0.0
13.933333333333334	0.0	0.0	0.0	0.0
13.95	0.0	0.0	0.0	0.0
13.966666666666667	0.0	0.0	0.0	0.0
13.983333333333333	0.0	0.0	0.0	0.0
14.0	0.0	0.0	0.0	0.0
14.016666666666666	0.0	0.0	0.0	0.0
14.033333333333333	0.0	0.0	0.0	0.0
14.049999999999999	0.0	0.0	0.0	0.0
14.066666666666666	0.0	0.0	0.0	0.0
14.083333333333332	0.0	0.0	0.0	0.0
14.1	0.0	0.0	0.0	0.0
14.116666666666667	0.0	0.0	0.0	0.0
14.133333333333333	0.0	0.0	0.0	0.0
14.149999999999999	0.0	0.0	0.0	0.0
14.166666666666666	0.0	0.0	0.0	0.0
14.183333333333334	0.0	0.0	0.0	0.0
14.2	0.0	0.0	0.0	0.0
14.216666666666667	0.0	0.0	0.0	0.0
14.233333333333333	0.0	0.0	0.0	0.0
14.25	0.0	0.0	0.0	0.0
14.266666666666666	0.0	0.0	0.0	0.0
14.283333333333333	0.0	0.0	0.0	0.0
14.299999999999999	0.0	0.0	0.0	0.0
14.316666666666666	0.0	0.0	0.0	0.0
14.333333333333332	0.0	0.0	0.0	0.0
14.35	0.0	0.0	0.0	0.0
14.366666666666667	0.0	0.0	0.0	0.0
14.383333333333333	0.0	0.0	0.0	0.0
14.399999999999999	0.0	0.0	0.0	0.0
14.416666666666666	0.0	0.0	0.0	0.0
14.433333333333334	0.0	0.0	0.0	0.0
14.45	0.0	0.0	0.0	0.0
14.466666666666665	0.0	0.0	0.0	0.0
14.483333333333333	0.0	0.0	0.0	0.0
14.5	0.0	0.0	0.0	0.0
14.516666666666666	0.0	0.0	0.0	0.0
14.533333333333333	0.0	0.0	0.0	0.0
14.549999999999999	0.0	0.0	0.0	0.0
14.566666666666666	0.0	0.0	0.0	0.0
14.583333333333332	0.0	0.0	0.0	0.0
14.6	0.0	0.0	0.0	0.0
14.616666666666665	0.0	0.0	0.0	0.0
14.633333333333333	0.0	0.0	0.0	0.0
14.649999999999999	0.0	0.0	0.0	0.0
14.666666666666666	0.0	0.0	0.0	0.0
14.683333333333334	0.0	0.0	0.0	0.0
14.7	0.0	0.0	0.0	0.0
14.716666666666665	0.0	0.0	0.0	0.0
14.733333333333333	0.0	0.0	0.0	0.0
14.75	0.0	0.0	0.0	0.0
14.766666666666666	0.0	0.0	0.0	0.0
14.783333333333333	0.0	0.0	0.0	0.0
14.799999999999999	0.0	0.0	0.0	0.0
14.816666666666666	0.0	0.0	0.0	0.0
14.833333333333332	0.0	0.0	0.0	0.0
14.85	0.0	0.0	0.0	0.0
14.866666666666665	0.0	0.0	0.0	0.0
14.883333333333333	0.0	0.0	0.0	0.0
14.899999999999999	0.0	0.0	0.0	0.0
14.916666666666666	0.0	0.0	0.0	0.0
14.933333333333334	0.0	0.0	0.0	0.0
14.95	0.0	0.0	0.0	0.0
14.966666666666665	0.0	0.0	0.0	0.0
14.983333333333333	0.0	0.0	0.0	0.0
15.0	0.0	0.0	0.0	0.0
15.016666666666666	0.0	0.0	0.0	0.0
15.033333333333333	0.0	0.0	0.0	0.0
15.049999999999999	0.0	0.0	0.0	0.0
15.066666666666666	0.0	0.0	0.0	0.0
15.083333333333332	0.0	0.0	0.0	0.0
15.1	0.0	0.0	0.0	0.0
15.116666666666665	0.0	0.0	0.0	0.0
15.133333333333333	0.0	0.0	0.0	0.0
15.149999999999999	0.0	0.0	0.0	0.0
15.166666666666666	0.0	0.0	0.0	0.0
15.183333333333334	0.0	0.0	0.0	0.0
15.2	0.0	0.0	0.0	0.0
15.216666666666665	0.0	0.0	0.0	0.0
15.233333333333333	0.0	0.0	0.0	0.0
15.25	0.0	0.0	0.0	0.0
15.266666666666666	0.0	0.0	0.0	0.0
15.283333333333333	0.0	0.0	0.0	0.0
15.299999999999999	0.0	0.0	0.0	0.0
15.316666666666666	0.0	0.0	0.0	0.0
15.333333333333332	0.0	0.0	0.0	0.0
15.35	0.0	0.0	0.0	0.0
15.366666666666665	0.0	0.0	0.0	0.0
15.383333333333333	0.0	0.0	0.0	0.0
15.399999999999999	0.0	0.0	0.0	0.0
15.416666666666666	0.0	0.0	0.0	0.0
15.433333333333334	0.0	0.0	0.0	0.0
15.45	0.0	0.0	0.0	0.0
15.466666666666665	0.0	0.0	0.0	0.0
15.483333333333333	0.0	0.0	0.0	0.0
15.5	0.0	0.0	0.0	0.0
15.516666666666666	0.0	0.0	0.0	0.0
15.533333333333331	0.0	0.0	0.0	0.0
15.549999999999999	0.0	0.0	0.0	0.0
15.566666666666666	0.0	0.0	0.0	0.0
15.583333333333332	0.0	0.0	0.0	0.0
15.6	0.0	0.0	0.0	0.0
15.616666666666665	0.0	0.0	0.0	0.0
15.633333333333333	0.0	0.0	0.0	0.0
15.649999999999999	0.0	0.0	0.0	0.0
15.666666666666666	0.0	0.0	0.0	0.0
15.683333333333332	0.0	0.0	0.0	0.0
15.7	0.0	0.0	0.0	0.0
15.716666666666665	0.0	0.0	0.0	0.0
15.733333333333333	0.0	0.0	0.0	0.0
15.75	0.0	0.0	0.0	0.0
15.766666666666666	0.0	0.0	0.0	0.0
15.783333333333331	0.0	0.0	0.0	0.0
15.799999999999999	0.0	0.0	0.0	0.0
15.816666666666666	0.0	0.0	0.0	0.0
15.833333333333332	0.0	0.0	0.0	0.0
15.85	0.0	0.0	0.0	0.0
15.866666666666665	0.0	0.0	0.0	0.0
15.883333333333333	0.0	0.0	0.0	0.0
15.899999999999999	0.0	0.0	0.0	0.0
15.916666666666666	0.0	0.0	0.0	0.0
15.933333333333332	0.0	0.0	0.0	0.0
15.95	0.0	0.0	0.0	0.0
15.966666666666665	0.0	0.0	0.0	0.0
15.983333333333333	0.0	0.0	0.0	0.0
15.999999999999998	0.0	0.0	0.0	0.0
16.016666666666666	0.0	0.0	0.0	0.0
16.03333333333333	0.0	0.0	0.0	0.0
16.05	0.0	0.0	0.0	0.0
16.066666666666666	0.0	0.0	0.0	0.0
16.083333333333332	0.0	0.0	0.0	0.0
16.1	0.0	0.0	0.0	0.0
16.116666666666667	0.0	0.0	0.0	0.0
16.133333333333333	0.0	0.0	0.0	0.0
16.15	0.0	0.0	0.0	0.0
16.166666666666664	0.0	0.0	0.0	0.0
16.183333333333334	0.0	0.0	0.0	0.0
16.2	0.0	0.0	0.0	0.0
16.216666666666665	0.0	0.0	0.0	0.0
16.233333333333334	0.0	0.0	0.0	0.0
16.25	0.0	0.0	0.0	0.0
16.266666666666666	0.0	0.0	0.0	0.0
16.28333333333333	0.0	0.0	0.0	0.0
16.3	0.0	0.0	0.0	0.0
16.316666666666666	0.0	0.0	0.0	0.0
16.333333333333332	0.0	0.0	0.0	0.0
16.35	0.0	0.0	0.0	0.0
16.366666666666667	0.0	0.0	0.0	0.0
16.383333333333333	0.0	0.0	0.0	0.0
16.4	0.0	0.0	0.0	0.0
16.416666666666664	0.0	0.0	0.0	0.0
16.433333333333334	0.0	0.0	0.0	0.0
16.45	0.0	0.0	0.0	0.0
16.466666666666665	0.0	0.0	0.0	0.0
16.483333333333334	0.0	0.0	0.0	0.0
16.5	0.0	0.0	0.0	0.0
16.516666666666666	0.0	0.0	0.0	0.0
16.53333333333333	0.0	0.0	0.0	0.0
16.55	0.0	0.0	0.0	0.0
16.566666666666666	0.0	0.0	0.0	0.0
16.583333333333332	0.0	0.0	0.0	0.0
16.6	0.0	0.0	0.0	0.0
16.616666666666667	0.0	0.0	0.0	0.0
16.633333333333333	0.0	0.0	0.0	0.0
16.65	0.0	0.0	0.0	0.0
16.666666666666664	0.0	0.0	0.0	0.0
16.683333333333334	0.0	0.0	0.0	0.0
16.7	0.0	0.0	0.0	0.0
16.716666666666665	0.0	0.0	0.0	0.0
16.733333333333334	0.0	0.0	0.0	0.0
16.75	0.0	0.0	0.0	0.0
16.766666666666666	0.0	0.0	0.0	0.0
16.78333333333333	0.0	0.0	0.0	0.0
16.799999999999997	0.0	0.0	0.0	0.0
16.816666666666666	0.0	0.0	0.0	0.0
16.833333333333332	0.0	0.0	0.0	0.0
16.85	0.0	0.0	0.0	0.0
16.866666666666667	0.0	0.0	0.0	0.0
16.883333333333333	0.0	0.0	0.0	0.0
16.9	0.0	0.0	0.0	0.0
16.916666666666664	0.0	0.0	0.0	0.0
16.933333333333334	0.0	0.0	0.0	0.0
16.95	0.0	0.0	0.0	0.0
16.966666666666665	0.0	0.0	0.0	0.0
16.983333333333334	0.0	0.0	0.0	0.0
17.0	0.0	0.0	0.0	0.0
17.016666666666666	0.0	0.0	0.0	0.0
17.03333333333333	0.0	0.0	0.0	0.0
17.049999999999997	0.0	0.0	0.0	0.0
17.066666666666666	0.0	0.0	0.0	0.0
17.083333333333332	0.0	0.0	0.0	0.0
17.1	0.0	0.0	0.0	0.0
17.116666666666667	0.0	0.0	0.0	0.0
17.133333333333333	0.0	0.0	0.0	0.0
17.15	0.0	0.0	0.0	0.0
17.166666666666664	0.0	0.0	0.0	0.0
17.183333333333334	0.0	0.0	0.0	0.0
17.2	0.0	0.0	0.0	0.0
17.216666666666665	0.0	0.0	0.0	0.0
17.233333333333334	0.0	0.0	0.0	0.0
17.25	0.0	0.0	0.0	0.0
17.266666666666666	0.0	0.0	0.0	0.0
17.28333333333333	0.0	0.0	0.0	0.0
17.299999999999997	0.0	0.0	0.0	0.0
17.316666666666666	0.0	0.0	0.0	0.0
17.333333333333332	0.0	0.0	0.0	0.0
17.349999999999998	0.0	0.0	0.0	0.0
17.366666666666667	0.0	0.0	0.0	0.0
17.383333333333333	0.0	0.0	0.0	0.0
17.4	0.0	0.0	0.0	0.0
17.416666666666664	0.0	0.0	0.0	0.0
17.433333333333334	0.0	0.0	0.0	0.0
17.45	0.0	0.0	0.0	0.0
17.466666666666665	0.0	0.0	0.0	0.0
17.483333333333334	0.0	0.0	0.0	0.0
17.5	0.0	0.0	0.0	0.0
17.516666666666666	0.0	0.0	0.0	0.0
17.53333333333333	0.0	0.0	0.0	0.0
17.549999999999997	0.0	0.0	0.0	0.0
17.566666666666666	0.0	0.0	0.0	0.0
17.583333333333332	0.0	0.0	0.0	0.0
17.599999999999998	0.0	0.0	0.0	0.0
17.616666666666667	0.0	0.0	0.0	0.0
17.633333333333333	0.0	0.0	0.0	0.0
17.65	0.0	0.0	0.0	0.0
17.666666666666664	0.0	0.0	0.0	0.0
17.683333333333334	0.711776	0.0	0.711776	0.0
17.7	0.711776	0.0	0.711776	0.0
17.716666666666665	0.711776	0.0	0.711776	0.0
17.733333333333334	0.711776	0.0	0.711776	0.0
17.75	1.423552	0.0	1.423552	0.0
17.766666666666666	1.423552	0.0	1.423552	0.0
17.78333333333333	1.423552	0.0	1.423552	0.0
17.799999999999997	1.423552	0.0	1.423552	0.0
17.816666666666666	2.135328	0.0	1.423552	0.711776
17.833333333333332	2.135328	0.0	1.423552	0.711776
17.849999999999998	2.135328	0.0	1.423552	0.711776
17.866666666666667	2.135328	0.0	1.423552	0.711776
17.883333333333333	2.135328	0.0	1.423552	0.711776
17.9	2.847104	0.0	1.423552	1.423552
17.916666666666664	2.847104	0.0	1.423552	1.423552
17.933333333333334	2.847104	0.0	1.423552	1.423552
17.95	2.847104	0.0	1.423552	1.423552
17.966666666666665	3.55888	0.0	1.423552	2.135328
17.983333333333334	3.55888	0.0	1.423552	2.135328
18.0	3.55888	0.0	1.423552	2.135328
18.016666666666666	4.270656	0.0	1.423552	2.847104
18.03333333333333	4.270656	0.0	1.423552	2.847104
18.049999999999997	4.270656	0.0	1.423552	2.847104
18.066666666666666	4.270656	0.0	1.423552	2.847104
18.083333333333332	4.982431999999999	0.0	1.423552	3.55888
18.099999999999998	4.982431999999999	0.0	1.423552	3.55888
18.116666666666667	4.982431999999999	0.0	1.423552	3.55888
18.133333333333333	4.982431999999999	0.0	1.423552	3.55888
18.15	5.694208	0.0	1.423552	4.270656
18.166666666666664	5.694208	0.0	1.423552	4.270656
18.183333333333334	5.694208	0.0	1.423552	4.270656
18.2	5.694208	0.0	1.423552	4.270656
18.216666666666665	6.405984	0.0	1.423552	4.982431999999999
18.233333333333334	6.405984	0.0	1.423552	4.982431999999999
18.25	6.405984	0.0	1.423552	4.982431999999999
18.266666666666666	6.405984	0.0	1.423552	4.982431999999999
18.28333333333333	7.1177600000000005	0.0	1.423552	5.694208
18.299999999999997	7.1177600000000005	0.0	1.423552	5.694208
18.316666666666666	7.1177600000000005	0.0	1.423552	5.694208
18.333333333333332	7.1177600000000005	0.0	1.423552	5.694208
18.349999999999998	7.1177600000000005	0.0	1.423552	5.694208
18.366666666666667	7.829536000000001	0.0	1.423552	6.405984
18.383333333333333	7.829536000000001	0.0	1.423552	6.405984
18.4	7.829536000000001	0.0	1.423552	6.405984
18.416666666666664	7.829536000000001	0.0	1.423552	6.405984
18.433333333333334	8.541312000000001	0.0	1.423552	7.1177600000000005
18.45	8.541312000000001	0.0	1.423552	7.1177600000000005
18.466666666666665	8.541312000000001	0.0	1.423552	7.1177600000000005
18.483333333333334	8.541312000000001	0.0	1.423552	7.1177600000000005
18.5	9.253088000000002	0.0	1.423552	7.829536000000001
18.516666666666666	9.253088000000002	0.0	1.423552	7.829536000000001
18.53333333333333	9.253088000000002	0.0	0.711776	8.541312000000001
18.549999999999997	9.253088000000002	0.0	0.711776	8.541312000000001
18.566666666666666	9.253088000000002	0.0	0.711776	8.541312000000001
18.583333333333332	9.964864000000002	0.0	0.711776	9.253088000000002
18.599999999999998	9.964864000000002	0.0	0.711776	9.253088000000002
18.616666666666667	9.964864000000002	0.0	0.711776	9.253088000000002
18.633333333333333	9.964864000000002	0.0	0.711776	9.253088000000002
18.65	10.676640000000003	0.0	0.711776	9.964864000000002
18.666666666666664	10.676640000000003	0.0	0.711776	9.964864000000002
18.683333333333334	10.676640000000003	0.0	0.711776	9.964864000000002
18.7	10.676640000000003	0.0	0.711776	9.964864000000002
18.716666666666665	11.388416000000003	0.0	0.711776	10.676640000000003
18.733333333333334	11.388416000000003	0.0	0.711776	10.676640000000003
18.75	11.388416000000003	0.0	0.711776	10.676640000000003
18.766666666666666	11.388416000000003	0.0	0.711776	10.676640000000003
18.78333333333333	11.388416000000003	0.0	0.711776	10.676640000000003
18.799999999999997	12.100192000000003	0.0711776	0.711776	10.676640000000003
18.816666666666666	12.100192000000003	0.0711776	0.711776	10.676640000000003
18.833333333333332	12.100192000000003	0.0711776	0.711776	10.676640000000003
18.849999999999998	12.100192000000003	0.0711776	0.711776	10.676640000000003
18.866666666666667	12.811968000000004	0.1423552	0.711776	10.676640000000003
18.883333333333333	12.811968000000004	0.1423552	0.711776	10.676640000000003
18.9	12.811968000000004	0.1423552	0.711776	10.676640000000003
18.916666666666664	12.811968000000004	0.1423552	0.711776	10.676640000000003
18.93333333333333	12.811968000000004	0.1423552	0.711776	10.676640000000003
18.95	13.523744000000004	0.21353279999999997	0.711776	10.676640000000003
18.966666666666665	13.523744000000004	0.21353279999999997	0.711776	10.676640000000003
18.983333333333334	13.523744000000004	0.21353279999999997	0.711776	10.676640000000003
19.0	13.523744000000004	0.21353279999999997	0.711776	10.676640000000003
19.016666666666666	14.235520000000005	0.2847104	0.711776	10.676640000000003
19.03333333333333	14.235520000000005	0.2847104	0.711776	10.676640000000003
19.049999999999997	14.235520000000005	0.2847104	0.711776	10.676640000000003
19.066666666666666	14.235520000000005	0.2847104	0.711776	10.676640000000003
19.083333333333332	14.235520000000005	0.2847104	0.711776	10.676640000000003
19.099999999999998	14.947296000000005	0.4270656	0.711776	9.964864000000002
19.116666666666667	14.947296000000005	0.4270656	0.711776	9.964864000000002
19.133333333333333	14.947296000000005	0.4270656	0.711776	9.964864000000002
19.15	14.947296000000005	0.4270656	0.711776	9.964864000000002
19.166666666666664	15.659072000000005	0.4982432	0.711776	9.964864000000002
19.18333333333333	15.659072000000005	0.4982432	0.711776	9.964864000000002
19.2	15.659072000000005	0.4982432	0.711776	9.964864000000002
19.216666666666665	15.659072000000005	0.4982432	0.711776	9.964864000000002
19.233333333333334	16.370848000000006	0.5694208	0.711776	9.964864000000002
19.25	16.370848000000006	0.5694208	0.711776	9.964864000000002
19.266666666666666	16.370848000000006	0.5694208	0.711776	9.964864000000002
19.28333333333333	16.370848000000006	0.5694208	0.711776	9.964864000000002
19.299999999999997	17.082624000000006	0.6405983999999999	0.711776	9.964864000000002
19.316666666666666	17.082624000000006	0.6405983999999999	0.711776	9.964864000000002
19.333333333333332	17.082624000000006	0.6405983999999999	0.711776	9.964864000000002
19.349999999999998	17.082624000000006	0.6405983999999999	0.711776	9.964864000000002
19.366666666666667	17.082624000000006	0.6405983999999999	0.0	10.676640000000003
19.383333333333333	17.794400000000007	0.7117759999999999	0.0	10.676640000000003
19.4	17.794400000000007	0.7117759999999999	0.0	10.676640000000003
19.416666666666664	17.794400000000007	0.7117759999999999	0.0	10.676640000000003
19.43333333333333	17.794400000000007	0.7117759999999999	0.0	10.676640000000003
19.45	17.794400000000007	0.7117759999999999	0.0	10.676640000000003
19.466666666666665	18.506176000000007	0.7117759999999999	0.711776	10.676640000000003
19.48333333333333	18.506176000000007	0.7117759999999999	0.711776	10.676640000000003
19.5	18.506176000000007	0.7117759999999999	0.711776	10.676640000000003
19.516666666666666	18.506176000000007	0.7117759999999999	0.711776	10.676640000000003
19.53333333333333	19.217952000000007	0.7117759999999999	1.423552	10.676640000000003
19.549999999999997	19.217952000000007	0.7117759999999999	1.423552	10.676640000000003
19.566666666666666	19.217952000000007	0.7117759999999999	1.423552	10.676640000000003
19.583333333333332	19.217952000000007	0.7117759999999999	1.423552	10.676640000000003
19.599999999999998	19.217952000000007	0.7117759999999999	1.423552	10.676640000000003
19.616666666666667	19.929728000000008	0.7117759999999999	2.135328	10.676640000000003
19.633333333333333	19.929728000000008	0.7117759999999999	2.135328	10.676640000000003
19.65	19.929728000000008	0.7117759999999999	2.135328	10.676640000000003
19.666666666666664	19.929728000000008	0.7117759999999999	2.135328	10.676640000000003
19.68333333333333	19.929728000000008	0.7117759999999999	2.135328	10.676640000000003
19.7	20.64150400000001	0.7117759999999999	2.847104	10.676640000000003
19.716666666666665	20.64150400000001	0.7117759999999999	2.847104	10.676640000000003
19.73333333333333	20.64150400000001	0.7117759999999999	2.847104	10.676640000000003
19.75	20.64150400000001	0.7117759999999999	2.847104	10.676640000000003
19.766666666666666	21.28908800000001	0.7117759999999999	3.494688	10.676640000000003
19.78333333333333	21.28908800000001	0.7117759999999999	3.494688	10.676640000000003
19.799999999999997	21.28908800000001	0.7117759999999999	3.494688	10.676640000000003
19.816666666666666	21.28908800000001	0.7117759999999999	3.494688	10.676640000000003
19.833333333333332	21.28908800000001	0.7117759999999999	3.494688	10.676640000000003
19.849999999999998	21.93667200000001	0.7117759999999999	4.142272	10.676640000000003
19.866666666666667	21.93667200000001	0.7117759999999999	4.142272	10.676640000000003
19.883333333333333	21.93667200000001	0.7829535999999998	4.142272	9.964864000000002
19.9	21.93667200000001	0.7829535999999998	4.142272	9.964864000000002
19.916666666666664	21.93667200000001	0.7829535999999998	4.142272	9.964864000000002
19.933333333333334	22.58425600000001	0.7829535999999998	4.789856	9.964864000000002
19.95	22.58425600000001	0.7829535999999998	4.789856	9.964864000000002
19.966666666666665	22.58425600000001	0.7829535999999998	4.789856	9.964864000000002
19.98333333333333	22.58425600000001	0.7829535999999998	4.789856	9.964864000000002
20.0	22.58425600000001	0.7829535999999998	4.789856	9.964864000000002
20.016666666666666	23.23184000000001	0.7829535999999998	4.789856	10.612448000000004
20.03333333333333	23.23184000000001	0.7829535999999998	4.789856	10.612448000000004
20.049999999999997	23.23184000000001	0.7829535999999998	4.789856	10.612448000000004
20.066666666666663	23.23184000000001	0.7829535999999998	4.789856	10.612448000000004
20.08333333333333	23.23184000000001	0.7829535999999998	4.789856	10.612448000000004
20.099999999999998	23.87942400000001	0.7829535999999998	4.789856	11.260032000000004
20.116666666666664	23.87942400000001	0.7829535999999998	4.789856	11.260032000000004
20.133333333333333	23.87942400000001	0.7829535999999998	4.789856	11.260032000000004
20.15	23.87942400000001	0.7829535999999998	4.789856	11.260032000000004
20.166666666666664	24.52700800000001	0.7829535999999998	4.789856	11.907616000000004
20.18333333333333	24.52700800000001	0.7829535999999998	4.789856	11.907616000000004
20.199999999999996	24.52700800000001	0.7829535999999998	4.789856	11.907616000000004
20.216666666666665	24.52700800000001	0.7829535999999998	4.142272	12.555200000000005
20.23333333333333	24.52700800000001	0.7829535999999998	4.142272	12.555200000000005
20.25	25.17459200000001	0.7829535999999998	4.142272	13.202784000000005
20.266666666666666	25.17459200000001	0.7829535999999998	4.142272	13.202784000000005
20.28333333333333	25.17459200000001	0.7829535999999998	4.142272	13.202784000000005
20.299999999999997	25.17459200000001	0.7829535999999998	4.142272	13.202784000000005
20.316666666666663	25.17459200000001	0.7829535999999998	4.142272	13.202784000000005
20.33333333333333	25.82217600000001	0.7829535999999998	4.142272	13.850368000000005
20.349999999999998	25.82217600000001	0.7829535999999998	4.142272	13.850368000000005
20.366666666666664	25.82217600000001	0.7829535999999998	4.142272	13.850368000000005
20.383333333333333	25.82217600000001	0.7829535999999998	4.142272	13.850368000000005
20.4	25.82217600000001	0.7829535999999998	4.142272	13.850368000000005
20.416666666666664	26.46976000000001	0.7829535999999998	4.142272	14.497952000000005
20.43333333333333	26.46976000000001	0.7829535999999998	4.142272	14.497952000000005
20.449999999999996	26.46976000000001	0.7829535999999998	4.142272	14.497952000000005
20.466666666666665	26.46976000000001	0.7829535999999998	4.142272	14.497952000000005
20.48333333333333	26.46976000000001	0.7829535999999998	4.142272	14.497952000000005
20.5	27.11734400000001	0.7829535999999998	4.142272	15.145536000000005
20.516666666666666	27.11734400000001	0.7829535999999998	4.142272	15.145536000000005
20.53333333333333	27.11734400000001	0.7829535999999998	4.142272	15.145536000000005
20.549999999999997	27.11734400000001	0.7829535999999998	4.142272	15.145536000000005
20.566666666666663	27.11734400000001	0.7829535999999998	4.142272	15.145536000000005
20.58333333333333	27.764928000000012	0.7829535999999998	4.142272	15.793120000000005
20.599999999999998	27.764928000000012	0.7829535999999998	4.142272	15.793120000000005
20.616666666666664	27.764928000000012	0.7829535999999998	4.142272	15.793120000000005
20.633333333333333	27.764928000000012	0.7829535999999998	4.142272	15.793120000000005
20.65	28.41251200000001	0.7829535999999998	4.142272	16.440704000000004
20.666666666666664	28.41251200000001	0.7829535999999998	4.142272	16.440704000000004
20.68333333333333	28.41251200000001	0.7829535999999998	4.142272	16.440704000000004
20.699999999999996	28.41251200000001	0.7829535999999998	4.142272	16.440704000000004
20.716666666666665	28.41251200000001	0.7829535999999998	4.142272	16.440704000000004
20.73333333333333	29.060096000000012	0.7829535999999998	4.142272	17.088288000000006
20.75	29.060096000000012	0.7829535999999998	4.142272	17.088288000000006
20.766666666666666	29.060096000000012	0.8541311999999998	4.142272	16.376512000000005
20.78333333333333	29.060096000000012	0.8541311999999998	4.142272	16.376512000000005
20.799999999999997	29.060096000000012	0.8541311999999998	4.142272	16.376512000000005
20.816666666666663	29.70768000000001	0.8541311999999998	4.142272	17.024096000000004
20.83333333333333	29.70768000000001	0.8541311999999998	4.142272	17.024096000000004
20.849999999999998	29.70768000000001	0.8541311999999998	4.142272	17.024096000000004
20.866666666666664	29.70768000000001	0.8541311999999998	4.142272	17.024096000000004
20.883333333333333	29.70768000000001	0.8541311999999998	4.142272	17.024096000000004
20.9	30.355264000000012	0.8541311999999998	4.142272	17.671680000000006
20.916666666666664	30.355264000000012	0.8541311999999998	4.142272	17.671680000000006
20.93333333333333	30.355264000000012	0.8541311999999998	4.142272	17.671680000000006
20.949999999999996	30.355264000000012	0.8541311999999998	3.494688	18.319264000000004
20.966666666666665	30.355264000000012	0.8541311999999998	3.494688	18.319264000000004
20.98333333333333	31.00284800000001	0.8541311999999998	3.494688	18.966848000000006
21.0	31.00284800000001	0.8541311999999998	3.494688	18.966848000000006
21.016666666666666	31.00284800000001	0.8541311999999998	3.494688	18.966848000000006
21.03333333333333	31.00284800000001	0.8541311999999998	3.494688	18.966848000000006
21.049999999999997	31.00284800000001	0.8541311999999998	3.494688	18.966848000000006
21.066666666666663	31.650432000000013	0.9188895999999998	3.494688	18.966848000000006
21.08333333333333	31.650432000000013	0.9188895999999998	3.494688	18.966848000000006
21.099999999999998	31.650432000000013	0.9188895999999998	3.494688	18.966848000000006
21.116666666666664	31.650432000000013	0.9188895999999998	3.494688	18.966848000000006
21.133333333333333	31.650432000000013	0.9188895999999998	3.494688	18.966848000000006
21.15	32.29801600000001	0.9836479999999997	3.494688	18.966848000000006
21.166666666666664	32.29801600000001	0.9836479999999997	3.494688	18.966848000000006
21.18333333333333	32.29801600000001	0.9836479999999997	3.494688	18.966848000000006
21.199999999999996	32.29801600000001	0.9836479999999997	3.494688	18.966848000000006
21.216666666666665	32.29801600000001	0.9836479999999997	3.494688	18.966848000000006
21.23333333333333	32.94560000000001	1.0484063999999997	3.494688	18.966848000000006
21.25	32.94560000000001	1.0484063999999997	3.494688	18.966848000000006
21.266666666666666	32.94560000000001	1.0484063999999997	3.494688	18.966848000000006
21.28333333333333	32.94560000000001	1.0484063999999997	3.494688	18.966848000000006
21.299999999999997	32.94560000000001	1.0484063999999997	3.494688	18.966848000000006
21.316666666666663	33.59318400000001	1.1131647999999996	3.494688	18.966848000000006
21.33333333333333	33.59318400000001	1.1131647999999996	3.494688	18.966848000000006
21.349999999999998	33.59318400000001	1.1131647999999996	3.494688	18.966848000000006
21.366666666666664	33.59318400000001	1.1131647999999996	3.494688	18.966848000000006
21.383333333333333	33.59318400000001	1.1131647999999996	3.494688	18.966848000000006
21.4	34.24076800000001	1.1779231999999995	3.494688	18.966848000000006
21.416666666666664	34.24076800000001	1.1779231999999995	3.494688	18.966848000000006
21.43333333333333	34.24076800000001	1.1779231999999995	3.494688	18.966848000000006
21.449999999999996	34.24076800000001	1.1779231999999995	3.494688	18.966848000000006
21.46666666666666	34.24076800000001	1.1779231999999995	3.494688	18.966848000000006
21.48333333333333	34.24076800000001	1.1779231999999995	3.494688	18.966848000000006
21.5	34.88835200000001	1.2426815999999996	3.494688	18.966848000000006
21.516666666666666	34.88835200000001	1.2426815999999996	3.494688	18.966848000000006
21.53333333333333	34.88835200000001	1.2426815999999996	3.494688	18.966848000000006
21.549999999999997	34.88835200000001	1.2426815999999996	3.494688	18.966848000000006
21.566666666666663	34.88835200000001	1.2426815999999996	3.494688	18.966848000000006
21.58333333333333	35.535936000000014	1.3074399999999995	3.494688	18.966848000000006
21.599999999999998	35.535936000000014	1.3721983999999994	3.494688	18.319264000000004
21.616666666666664	35.535936000000014	1.3721983999999994	3.494688	18.319264000000004
21.633333333333333	35.535936000000014	1.3721983999999994	3.494688	18.319264000000004
21.65	35.535936000000014	1.3721983999999994	3.494688	18.319264000000004
21.666666666666664	36.18352000000001	1.4369567999999995	3.494688	18.319264000000004
21.68333333333333	36.18352000000001	1.4369567999999995	3.494688	18.319264000000004
21.699999999999996	36.18352000000001	1.4369567999999995	3.494688	18.319264000000004
21.71666666666666	36.18352000000001	1.5081343999999994	2.847104	18.255072000000006
21.73333333333333	36.18352000000001	1.5081343999999994	2.847104	18.255072000000006
21.749999999999996	36.83110400000001	1.5728927999999993	2.847104	18.255072000000006
21.766666666666666	36.83110400000001	1.5728927999999993	2.847104	18.255072000000006
21.78333333333333	36.83110400000001	1.5728927999999993	2.847104	18.255072000000006
21.799999999999997	36.83110400000001	1.5728927999999993	2.847104	18.255072000000006
21.816666666666663	36.83110400000001	1.5728927999999993	2.847104	18.255072000000006
21.83333333333333	37.47868800000001	1.6376511999999994	2.847104	18.255072000000006
21.849999999999998	37.47868800000001	1.6376511999999994	2.847104	18.255072000000006
21.866666666666664	37.47868800000001	1.6376511999999994	2.847104	18.255072000000006
21.883333333333333	37.47868800000001	1.6376511999999994	2.847104	18.255072000000006
21.9	37.47868800000001	1.6376511999999994	2.847104	18.255072000000006
21.916666666666664	38.12627200000001	1.6376511999999994	3.494688	18.255072000000006
21.93333333333333	38.12627200000001	1.6376511999999994	3.494688	18.255072000000006
21.949999999999996	38.12627200000001	1.6376511999999994	3.494688	18.255072000000006
21.96666666666666	38.12627200000001	1.6376511999999994	3.494688	18.255072000000006
21.98333333333333	38.12627200000001	1.6376511999999994	3.494688	18.255072000000006
21.999999999999996	38.12627200000001	1.6376511999999994	3.494688	18.255072000000006
22.016666666666666	38.77385600000001	1.6376511999999994	4.142272	18.255072000000006
22.03333333333333	38.77385600000001	1.6376511999999994	4.142272	18.255072000000006
22.049999999999997	38.77385600000001	1.6376511999999994	4.142272	18.255072000000006
22.066666666666663	38.77385600000001	1.6376511999999994	4.142272	18.255072000000006
22.08333333333333	39.421440000000004	1.6376511999999994	4.789856	18.255072000000006
22.099999999999998	39.421440000000004	1.6376511999999994	4.789856	18.255072000000006
22.116666666666664	39.421440000000004	1.6376511999999994	4.789856	18.255072000000006
22.133333333333333	39.421440000000004	1.6376511999999994	4.789856	18.255072000000006
22.15	39.421440000000004	1.6376511999999994	4.789856	18.255072000000006
22.166666666666664	40.069024000000006	1.6376511999999994	5.4374400000000005	18.255072000000006
22.18333333333333	40.069024000000006	1.6376511999999994	5.4374400000000005	18.255072000000006
22.199999999999996	40.069024000000006	1.6376511999999994	5.4374400000000005	18.255072000000006
22.21666666666666	40.069024000000006	1.7024095999999993	5.4374400000000005	17.607488000000004
22.23333333333333	40.069024000000006	1.7024095999999993	5.4374400000000005	17.607488000000004
22.249999999999996	40.716608	1.7024095999999993	6.085024000000001	17.607488000000004
22.266666666666666	40.716608	1.7024095999999993	6.085024000000001	17.607488000000004
22.28333333333333	40.716608	1.7024095999999993	6.085024000000001	17.607488000000004
22.299999999999997	40.716608	1.7024095999999993	6.085024000000001	17.607488000000004
22.316666666666663	40.716608	1.7024095999999993	6.085024000000001	17.607488000000004
22.33333333333333	40.716608	1.7024095999999993	6.085024000000001	17.607488000000004
22.349999999999998	41.211264	1.7024095999999993	6.5796800000000015	17.607488000000004
22.366666666666664	41.211264	1.7024095999999993	6.5796800000000015	17.607488000000004
22.383333333333333	41.211264	1.7024095999999993	6.5796800000000015	17.607488000000004
22.4	41.211264	1.7024095999999993	6.5796800000000015	17.607488000000004
22.416666666666664	41.211264	1.7024095999999993	6.5796800000000015	17.607488000000004
22.43333333333333	41.70592	1.7024095999999993	6.5796800000000015	18.102144000000006
22.449999999999996	41.70592	1.7024095999999993	6.5796800000000015	18.102144000000006
22.46666666666666	41.70592	1.7024095999999993	6.5796800000000015	18.102144000000006
22.48333333333333	41.70592	1.7024095999999993	6.5796800000000015	18.102144000000006
22.499999999999996	41.70592	1.7024095999999993	6.5796800000000015	18.102144000000006
22.516666666666666	42.200576	1.7024095999999993	5.867904000000001	19.308576000000006
22.53333333333333	42.200576	1.7024095999999993	5.867904000000001	19.308576000000006
22.549999999999997	42.200576	1.7024095999999993	5.867904000000001	19.308576000000006
22.566666666666663	42.200576	1.7024095999999993	5.867904000000001	19.308576000000006
22.58333333333333	42.200576	1.7024095999999993	5.867904000000001	19.308576000000006
22.599999999999998	42.200576	1.7024095999999993	5.867904000000001	19.308576000000006
22.616666666666664	42.695232	1.7024095999999993	5.867904000000001	19.803232000000005
22.633333333333333	42.695232	1.7024095999999993	5.867904000000001	19.803232000000005
22.65	42.695232	1.7024095999999993	5.867904000000001	19.803232000000005
22.666666666666664	42.695232	1.7024095999999993	5.867904000000001	19.803232000000005
22.68333333333333	42.695232	1.7024095999999993	5.867904000000001	19.803232000000005
22.699999999999996	43.189887999999996	1.7024095999999993	5.867904000000001	20.297888000000007
22.71666666666666	43.189887999999996	1.7024095999999993	5.867904000000001	20.297888000000007
22.73333333333333	43.189887999999996	1.7024095999999993	6.5796800000000015	19.586112000000007
22.749999999999996	43.189887999999996	1.7024095999999993	6.5796800000000015	19.586112000000007
22.766666666666666	43.189887999999996	1.7024095999999993	6.5796800000000015	19.586112000000007
22.78333333333333	43.684543999999995	1.7024095999999993	6.5796800000000015	20.080768000000006
22.799999999999997	43.684543999999995	1.7024095999999993	6.5796800000000015	20.080768000000006
22.816666666666663	43.684543999999995	1.7024095999999993	6.5796800000000015	20.080768000000006
22.83333333333333	43.684543999999995	1.7024095999999993	6.5796800000000015	20.080768000000006
22.849999999999998	43.684543999999995	1.7024095999999993	6.5796800000000015	20.080768000000006
22.866666666666664	44.179199999999994	1.7024095999999993	6.5796800000000015	20.575424000000005
22.883333333333333	44.179199999999994	1.7024095999999993	6.5796800000000015	20.575424000000005
22.9	44.179199999999994	1.7024095999999993	6.085024000000001	21.070080000000004
22.916666666666664	44.179199999999994	1.7671679999999994	6.085024000000001	20.422496000000006
22.93333333333333	44.179199999999994	1.7671679999999994	6.085024000000001	20.422496000000006
22.949999999999996	44.179199999999994	1.7671679999999994	6.085024000000001	20.422496000000006
22.96666666666666	44.673855999999994	1.7671679999999994	6.085024000000001	20.917152000000005
22.98333333333333	44.673855999999994	1.7671679999999994	6.085024000000001	20.917152000000005
22.999999999999996	44.673855999999994	1.7671679999999994	6.085024000000001	20.917152000000005
23.016666666666666	44.673855999999994	1.7671679999999994	6.085024000000001	20.917152000000005
23.03333333333333	45.16851199999999	1.7671679999999994	6.085024000000001	21.411808000000004
23.049999999999997	45.16851199999999	1.7671679999999994	6.085024000000001	21.411808000000004
23.066666666666663	45.16851199999999	1.7671679999999994	6.085024000000001	21.411808000000004
23.08333333333333	45.16851199999999	1.7671679999999994	6.085024000000001	21.411808000000004
23.099999999999998	45.16851199999999	1.7671679999999994	6.085024000000001	21.411808000000004
23.116666666666664	45.16851199999999	1.7671679999999994	6.085024000000001	21.411808000000004
23.133333333333333	45.66316799999999	1.7671679999999994	6.085024000000001	21.906464000000007
23.15	45.66316799999999	1.7671679999999994	6.085024000000001	21.906464000000007
23.166666666666664	45.66316799999999	1.7671679999999994	6.085024000000001	21.906464000000007
23.18333333333333	45.66316799999999	1.7671679999999994	6.085024000000001	21.906464000000007
23.199999999999996	45.66316799999999	1.7671679999999994	6.085024000000001	21.906464000000007
23.21666666666666	45.66316799999999	1.7671679999999994	6.085024000000001	21.906464000000007
23.23333333333333	46.15782399999999	1.7671679999999994	6.085024000000001	22.401120000000006
23.249999999999996	46.15782399999999	1.7671679999999994	6.085024000000001	22.401120000000006
23.266666666666666	46.15782399999999	1.7671679999999994	6.085024000000001	22.401120000000006
23.28333333333333	46.15782399999999	1.7671679999999994	6.085024000000001	22.401120000000006
23.299999999999997	46.15782399999999	1.7671679999999994	6.085024000000001	22.401120000000006
23.316666666666663	46.65247999999999	1.7671679999999994	6.085024000000001	22.895776000000005
23.33333333333333	46.65247999999999	1.7671679999999994	6.085024000000001	22.895776000000005
23.349999999999998	46.65247999999999	1.7671679999999994	6.085024000000001	22.895776000000005
23.366666666666664	46.65247999999999	1.7671679999999994	6.085024000000001	22.895776000000005
23.383333333333333	46.65247999999999	1.7671679999999994	5.373248	23.607552000000005
23.4	46.65247999999999	1.7671679999999994	5.373248	23.607552000000005
23.416666666666664	47.14713599999998	1.7671679999999994	5.373248	24.102208000000005
23.43333333333333	47.14713599999998	1.7671679999999994	5.373248	24.102208000000005
23.449999999999996	47.14713599999998	1.7671679999999994	5.373248	24.102208000000005
23.46666666666666	47.14713599999998	1.7671679999999994	5.373248	24.102208000000005
23.48333333333333	47.14713599999998	1.7671679999999994	5.373248	24.102208000000005
23.499999999999996	47.64179199999999	1.7671679999999994	5.373248	24.596864000000007
23.516666666666666	47.64179199999999	1.7671679999999994	4.725664	25.244448000000006
23.53333333333333	47.64179199999999	1.7671679999999994	4.725664	25.244448000000006
23.549999999999997	47.64179199999999	1.7671679999999994	4.725664	25.244448000000006
23.566666666666663	47.64179199999999	1.7671679999999994	4.725664	25.244448000000006
23.58333333333333	48.13644799999998	1.7671679999999994	4.725664	25.739104000000005
23.599999999999994	48.13644799999998	1.7671679999999994	4.725664	25.739104000000005
23.616666666666664	48.13644799999998	1.7671679999999994	4.725664	25.739104000000005
23.633333333333333	48.13644799999998	1.7671679999999994	4.725664	25.739104000000005
23.65	48.13644799999998	1.7671679999999994	4.725664	25.739104000000005
23.666666666666664	48.63110399999998	1.8166335999999994	4.725664	25.739104000000005
23.68333333333333	48.63110399999998	1.8166335999999994	4.725664	25.739104000000005
23.699999999999996	48.63110399999998	1.8166335999999994	4.725664	25.739104000000005
23.71666666666666	48.63110399999998	1.8813919999999993	4.725664	25.091520000000006
23.73333333333333	48.63110399999998	1.8813919999999993	4.725664	25.091520000000006
23.749999999999996	49.12575999999998	1.9308575999999993	5.4374400000000005	24.379744000000006
23.766666666666666	49.12575999999998	1.9308575999999993	5.4374400000000005	24.379744000000006
23.78333333333333	49.12575999999998	1.9308575999999993	5.4374400000000005	24.379744000000006
23.799999999999997	49.12575999999998	1.9308575999999993	5.4374400000000005	24.379744000000006
23.816666666666663	49.12575999999998	1.9308575999999993	5.4374400000000005	24.379744000000006
23.83333333333333	49.62041599999998	1.9803231999999993	5.4374400000000005	24.379744000000006
23.849999999999994	49.62041599999998	2.0297887999999995	5.4374400000000005	23.885088000000007
23.866666666666664	49.62041599999998	2.0297887999999995	5.4374400000000005	23.885088000000007
23.88333333333333	49.62041599999998	2.0297887999999995	5.4374400000000005	23.885088000000007
23.9	49.62041599999998	2.0297887999999995	5.4374400000000005	23.885088000000007
23.916666666666664	50.11507199999998	2.0792543999999995	5.4374400000000005	23.885088000000007
23.93333333333333	50.11507199999998	2.0792543999999995	5.4374400000000005	23.885088000000007
23.949999999999996	50.11507199999998	2.0792543999999995	5.4374400000000005	23.885088000000007
23.96666666666666	50.11507199999998	2.0792543999999995	5.4374400000000005	23.885088000000007
23.98333333333333	50.11507199999998	2.0792543999999995	5.4374400000000005	23.885088000000007
23.999999999999996	50.11507199999998	2.0792543999999995	5.4374400000000005	23.885088000000007
24.016666666666666	50.609727999999976	2.1287199999999995	5.4374400000000005	23.885088000000007
24.03333333333333	50.609727999999976	2.1287199999999995	5.4374400000000005	23.885088000000007
24.049999999999997	50.609727999999976	2.1287199999999995	5.4374400000000005	23.885088000000007
24.066666666666663	50.609727999999976	2.1287199999999995	5.4374400000000005	23.885088000000007
24.08333333333333	50.609727999999976	2.1287199999999995	5.4374400000000005	23.885088000000007
24.099999999999994	50.609727999999976	2.1287199999999995	5.4374400000000005	23.885088000000007
24.116666666666664	51.10438399999997	2.1781855999999995	5.4374400000000005	23.885088000000007
24.13333333333333	51.10438399999997	2.1781855999999995	5.4374400000000005	23.885088000000007
24.15	51.10438399999997	2.1781855999999995	5.4374400000000005	23.885088000000007
24.166666666666664	51.10438399999997	2.1781855999999995	4.789856	24.532672000000005
24.18333333333333	51.10438399999997	2.1781855999999995	4.789856	24.532672000000005
24.199999999999996	51.59903999999997	2.2276511999999995	4.789856	24.532672000000005
24.21666666666666	51.59903999999997	2.2276511999999995	4.789856	24.532672000000005
24.23333333333333	51.59903999999997	2.2276511999999995	4.07808	25.244448000000006
24.249999999999996	51.59903999999997	2.2276511999999995	4.07808	25.244448000000006
24.266666666666666	51.59903999999997	2.2276511999999995	4.07808	25.244448000000006
24.28333333333333	52.093695999999966	2.2771168	4.07808	25.244448000000006
24.299999999999997	52.093695999999966	2.2771168	4.07808	25.244448000000006
24.316666666666663	52.093695999999966	2.3265824	4.07808	24.749792000000006
24.33333333333333	52.093695999999966	2.3265824	4.07808	24.749792000000006
24.349999999999994	52.093695999999966	2.3265824	4.07808	24.749792000000006
24.366666666666664	52.093695999999966	2.3265824	4.07808	24.749792000000006
24.38333333333333	52.588351999999965	2.376048	4.07808	24.749792000000006
24.4	52.588351999999965	2.376048	4.07808	24.749792000000006
24.416666666666664	52.588351999999965	2.376048	4.07808	24.749792000000006
24.43333333333333	52.588351999999965	2.376048	4.07808	24.749792000000006
24.449999999999996	52.588351999999965	2.376048	4.07808	24.749792000000006
24.46666666666666	53.083007999999964	2.4255136	4.07808	24.749792000000006
24.48333333333333	53.083007999999964	2.4255136	4.07808	24.749792000000006
24.499999999999996	53.083007999999964	2.4255136	4.07808	24.749792000000006
24.516666666666666	53.083007999999964	2.4255136	4.07808	24.749792000000006
24.53333333333333	53.083007999999964	2.4255136	4.07808	24.749792000000006
24.549999999999997	53.083007999999964	2.4255136	4.07808	24.749792000000006
24.566666666666663	53.57766399999996	2.4255136	4.572735999999999	24.749792000000006
24.58333333333333	53.57766399999996	2.4255136	4.572735999999999	24.749792000000006
24.599999999999994	53.57766399999996	2.4255136	4.572735999999999	24.749792000000006
24.616666666666664	53.57766399999996	2.4255136	4.572735999999999	24.749792000000006
24.63333333333333	53.57766399999996	2.4255136	5.220319999999999	24.102208000000005
24.65	54.07231999999997	2.4255136	5.714976	24.102208000000005
24.666666666666664	54.07231999999997	2.4255136	5.714976	24.102208000000005
24.68333333333333	54.07231999999997	2.4255136	5.714976	24.102208000000005
24.699999999999996	54.07231999999997	2.4255136	5.714976	24.102208000000005
24.71666666666666	54.07231999999997	2.4255136	5.714976	24.102208000000005
24.73333333333333	54.56697599999997	2.4255136	6.209632000000001	24.102208000000005
24.749999999999996	54.56697599999997	2.4255136	6.209632000000001	24.102208000000005
24.766666666666666	54.56697599999997	2.4255136	6.209632000000001	24.102208000000005
24.78333333333333	54.56697599999997	2.4255136	6.921408000000001	23.390432000000004
24.799999999999997	54.56697599999997	2.4749792	6.921408000000001	22.895776000000005
24.816666666666663	54.56697599999997	2.4749792	6.921408000000001	22.895776000000005
24.83333333333333	55.06163199999997	2.4749792	7.416064000000002	22.895776000000005
24.849999999999994	55.06163199999997	2.4749792	7.416064000000002	22.895776000000005
24.866666666666664	55.06163199999997	2.4749792	7.416064000000002	22.895776000000005
24.88333333333333	55.06163199999997	2.4749792	7.416064000000002	22.895776000000005
24.9	55.55628799999997	2.4749792	7.263136000000001	23.543360000000007
24.916666666666664	55.55628799999997	2.4749792	7.263136000000001	23.543360000000007
24.93333333333333	55.55628799999997	2.4749792	7.263136000000001	23.543360000000007
24.949999999999996	55.55628799999997	2.4749792	7.263136000000001	23.543360000000007
24.96666666666666	55.55628799999997	2.4749792	7.263136000000001	23.543360000000007
24.98333333333333	55.55628799999997	2.4749792	7.263136000000001	23.543360000000007
24.999999999999996	55.55628799999997	2.4749792	7.263136000000001	23.543360000000007
25.016666666666666	56.09625599999997	2.4749792	7.803104000000001	23.543360000000007
25.03333333333333	56.09625599999997	2.4749792	7.803104000000001	23.543360000000007
25.049999999999997	56.09625599999997	2.4749792	7.803104000000001	23.543360000000007
25.066666666666663	56.09625599999997	2.4749792	7.263136000000001	24.083328000000005
25.08333333333333	56.09625599999997	2.4749792	6.551360000000001	24.795104000000006
25.099999999999994	56.63622399999997	2.4749792	6.551360000000001	25.335072000000007
25.116666666666664	56.63622399999997	2.4749792	6.551360000000001	25.335072000000007
25.13333333333333	56.63622399999997	2.4749792	6.551360000000001	25.335072000000007
25.15	56.63622399999997	2.4749792	6.551360000000001	25.335072000000007
25.166666666666664	57.17619199999997	2.4749792	6.551360000000001	25.875040000000006
25.18333333333333	57.17619199999997	2.4749792	6.551360000000001	25.875040000000006
25.199999999999996	57.17619199999997	2.4749792	6.551360000000001	25.875040000000006
25.21666666666666	57.17619199999997	2.4749792	6.551360000000001	25.875040000000006
25.23333333333333	57.17619199999997	2.4749792	6.551360000000001	25.875040000000006
25.249999999999996	57.17619199999997	2.4749792	6.551360000000001	25.875040000000006
25.266666666666666	57.716159999999974	2.4749792	6.551360000000001	26.415008000000004
25.28333333333333	57.716159999999974	2.4749792	6.551360000000001	26.415008000000004
25.299999999999997	57.716159999999974	2.4749792	6.551360000000001	26.415008000000004
25.316666666666663	57.716159999999974	2.4749792	6.551360000000001	26.415008000000004
25.33333333333333	57.716159999999974	2.4749792	6.551360000000001	26.415008000000004
25.349999999999994	58.256127999999975	2.4749792	6.551360000000001	26.954976000000002
25.366666666666664	58.256127999999975	2.4749792	6.551360000000001	26.954976000000002
25.38333333333333	58.256127999999975	2.5244448000000004	6.551360000000001	26.460320000000003
25.4	58.256127999999975	2.5244448000000004	6.551360000000001	26.460320000000003
25.416666666666664	58.256127999999975	2.5244448000000004	6.551360000000001	26.460320000000003
25.43333333333333	58.79609599999998	2.5244448000000004	6.551360000000001	27.000288000000005
25.449999999999996	58.79609599999998	2.5244448000000004	6.551360000000001	27.000288000000005
25.46666666666666	58.79609599999998	2.5244448000000004	6.551360000000001	27.000288000000005
25.48333333333333	58.79609599999998	2.5244448000000004	6.551360000000001	27.000288000000005
25.499999999999996	58.79609599999998	2.5244448000000004	6.551360000000001	27.000288000000005
25.516666666666666	58.79609599999998	2.5244448000000004	6.551360000000001	27.000288000000005
25.53333333333333	59.33606399999998	2.5244448000000004	6.551360000000001	27.540256
25.549999999999997	59.33606399999998	2.5244448000000004	6.551360000000001	27.540256
25.566666666666663	59.33606399999998	2.5244448000000004	6.551360000000001	27.540256
25.58333333333333	59.33606399999998	2.5244448000000004	6.551360000000001	27.540256
25.599999999999994	59.33606399999998	2.5244448000000004	6.551360000000001	27.540256
25.616666666666664	59.87603199999998	2.5244448000000004	6.551360000000001	28.080223999999998
25.63333333333333	59.87603199999998	2.5244448000000004	7.198944000000001	27.43264
25.65	59.87603199999998	2.5244448000000004	6.704288000000002	27.927295999999995
25.666666666666664	59.87603199999998	2.5244448000000004	6.704288000000002	27.927295999999995
25.68333333333333	59.87603199999998	2.5244448000000004	6.704288000000002	27.927295999999995
25.699999999999996	60.41599999999998	2.5244448000000004	6.056704000000002	29.11484799999999
25.71666666666666	60.41599999999998	2.5244448000000004	6.056704000000002	29.11484799999999
25.733333333333327	60.41599999999998	2.5244448000000004	6.056704000000002	29.11484799999999
25.749999999999996	60.41599999999998	2.5244448000000004	6.056704000000002	29.11484799999999
25.766666666666666	60.41599999999998	2.5244448000000004	6.056704000000002	29.11484799999999
25.78333333333333	60.41599999999998	2.5244448000000004	6.056704000000002	29.11484799999999
25.799999999999997	60.955967999999984	2.5244448000000004	6.056704000000002	29.654815999999993
25.816666666666663	60.955967999999984	2.5244448000000004	6.768480000000002	28.943039999999993
25.83333333333333	60.955967999999984	2.5244448000000004	6.768480000000002	28.943039999999993
25.849999999999994	60.955967999999984	2.5244448000000004	6.768480000000002	28.943039999999993
25.866666666666664	60.955967999999984	2.5244448000000004	6.768480000000002	28.943039999999993
25.88333333333333	61.495935999999986	2.5244448000000004	6.768480000000002	29.483007999999987
25.9	61.495935999999986	2.5244448000000004	6.768480000000002	29.483007999999987
25.916666666666664	61.495935999999986	2.4532672000000004	6.768480000000002	30.194783999999988
25.93333333333333	61.495935999999986	2.4532672000000004	6.768480000000002	30.194783999999988
25.949999999999996	61.495935999999986	2.4532672000000004	6.768480000000002	30.194783999999988
25.96666666666666	62.03590399999999	2.4532672000000004	6.768480000000002	30.734751999999986
25.983333333333327	62.03590399999999	2.4532672000000004	6.768480000000002	30.734751999999986
25.999999999999996	62.03590399999999	2.4532672000000004	6.768480000000002	30.734751999999986
26.016666666666662	62.03590399999999	2.4532672000000004	7.263136000000001	30.240095999999987
26.03333333333333	62.03590399999999	2.4532672000000004	7.263136000000001	30.240095999999987
26.049999999999997	62.03590399999999	2.4532672000000004	7.263136000000001	30.240095999999987
26.066666666666663	62.57587199999999	2.4532672000000004	7.263136000000001	30.780063999999985
26.08333333333333	62.57587199999999	2.4532672000000004	7.263136000000001	30.780063999999985
26.099999999999994	62.57587199999999	2.4532672000000004	7.263136000000001	30.780063999999985
26.116666666666664	62.57587199999999	2.4532672000000004	7.263136000000001	30.780063999999985
26.13333333333333	62.57587199999999	2.4532672000000004	7.263136000000001	30.780063999999985
26.15	63.11583999999999	2.4532672000000004	7.263136000000001	31.32003199999998
26.166666666666664	63.11583999999999	2.4532672000000004	7.263136000000001	31.32003199999998
26.18333333333333	63.11583999999999	2.4532672000000004	7.263136000000001	31.32003199999998
26.199999999999996	63.11583999999999	2.4532672000000004	7.263136000000001	31.32003199999998
26.21666666666666	63.11583999999999	2.4532672000000004	6.768480000000002	31.81468799999998
26.233333333333327	63.655808	2.4532672000000004	6.768480000000002	32.35465599999998
26.249999999999996	63.655808	2.4532672000000004	6.768480000000002	32.35465599999998
26.266666666666662	63.655808	2.4532672000000004	6.768480000000002	32.35465599999998
26.28333333333333	63.655808	2.507264	6.768480000000002	31.81468799999998
26.299999999999997	63.655808	2.507264	6.768480000000002	31.81468799999998
26.316666666666663	63.655808	2.507264	6.768480000000002	31.81468799999998
26.33333333333333	64.195776	2.5612608000000003	6.768480000000002	31.81468799999998
26.349999999999994	64.195776	2.5612608000000003	6.768480000000002	31.81468799999998
26.366666666666664	64.195776	2.5612608000000003	6.768480000000002	31.81468799999998
26.38333333333333	64.195776	2.5612608000000003	6.768480000000002	31.81468799999998
26.4	64.195776	2.5612608000000003	6.768480000000002	31.81468799999998
26.416666666666664	64.735744	2.6152576000000005	6.768480000000002	31.81468799999998
26.43333333333333	64.735744	2.6152576000000005	6.768480000000002	31.81468799999998
26.449999999999996	64.735744	2.6152576000000005	6.768480000000002	31.81468799999998
26.46666666666666	64.735744	2.6152576000000005	6.768480000000002	31.81468799999998
26.483333333333327	64.735744	2.6152576000000005	6.768480000000002	31.81468799999998
26.499999999999996	65.275712	2.6692544000000007	6.120896	32.46227199999998
26.516666666666662	65.275712	2.6692544000000007	6.120896	32.46227199999998
26.53333333333333	65.275712	2.6692544000000007	6.120896	32.46227199999998
26.549999999999997	65.275712	2.6692544000000007	6.120896	32.46227199999998
26.566666666666663	65.275712	2.6692544000000007	6.120896	32.46227199999998
26.58333333333333	65.81568	2.723251200000001	6.120896	32.46227199999998
26.599999999999994	65.81568	2.723251200000001	6.120896	32.46227199999998
26.616666666666664	65.81568	2.723251200000001	6.120896	32.46227199999998
26.63333333333333	65.81568	2.723251200000001	6.120896	32.46227199999998
26.65	65.81568	2.723251200000001	6.120896	32.46227199999998
26.666666666666664	66.355648	2.7772480000000006	6.768480000000002	31.81468799999998
26.68333333333333	66.355648	2.7772480000000006	6.768480000000002	31.81468799999998
26.699999999999996	66.355648	2.7772480000000006	6.768480000000002	31.81468799999998
26.71666666666666	66.355648	2.831244800000001	6.768480000000002	31.27471999999998
26.733333333333327	66.355648	2.831244800000001	6.768480000000002	31.27471999999998
26.749999999999996	66.89561600000002	2.814064000000001	6.768480000000002	31.98649599999998
26.766666666666662	66.89561600000002	2.814064000000001	7.263136000000001	31.491839999999986
26.78333333333333	66.89561600000002	2.814064000000001	6.768480000000002	31.98649599999998
26.799999999999997	66.89561600000002	2.814064000000001	6.768480000000002	31.98649599999998
26.816666666666663	66.89561600000002	2.814064000000001	6.768480000000002	31.98649599999998
26.83333333333333	67.435584	2.8680608000000007	7.4802560000000025	31.27471999999998
26.849999999999994	67.435584	2.8680608000000007	7.4802560000000025	31.27471999999998
26.866666666666664	67.435584	2.8680608000000007	7.4802560000000025	31.27471999999998
26.88333333333333	67.435584	2.8680608000000007	7.4802560000000025	31.27471999999998
26.9	67.97555200000002	2.922057600000001	7.4802560000000025	31.27471999999998
26.916666666666664	67.97555200000002	2.922057600000001	7.4802560000000025	31.27471999999998
26.93333333333333	67.97555200000002	2.922057600000001	7.4802560000000025	31.27471999999998
26.949999999999996	67.97555200000002	2.922057600000001	7.4802560000000025	31.27471999999998
26.96666666666666	67.97555200000002	2.922057600000001	7.4802560000000025	31.27471999999998
26.983333333333327	67.97555200000002	2.922057600000001	7.4802560000000025	31.27471999999998
26.999999999999996	68.51552000000002	2.9760544000000007	7.4802560000000025	31.27471999999998
27.016666666666662	68.51552000000002	2.9760544000000007	7.4802560000000025	31.27471999999998
27.03333333333333	68.51552000000002	2.9760544000000007	7.4802560000000025	31.27471999999998
27.049999999999997	68.51552000000002	2.9760544000000007	7.4802560000000025	31.27471999999998
27.066666666666663	68.51552000000002	2.9760544000000007	7.4802560000000025	31.27471999999998
27.08333333333333	69.05548800000003	2.9760544000000007	8.020224000000002	31.27471999999998
27.099999999999994	69.05548800000003	2.9760544000000007	8.020224000000002	31.27471999999998
27.116666666666664	69.05548800000003	2.9760544000000007	8.020224000000002	31.27471999999998
27.13333333333333	69.05548800000003	2.9760544000000007	8.020224000000002	31.27471999999998
27.15	69.05548800000003	3.030051200000001	8.020224000000002	30.734751999999986
27.166666666666664	69.05548800000003	3.030051200000001	8.020224000000002	30.734751999999986
27.18333333333333	69.59545600000003	3.030051200000001	8.560192000000002	30.734751999999986
27.199999999999996	69.59545600000003	3.030051200000001	8.560192000000002	30.734751999999986
27.21666666666666	69.59545600000003	3.030051200000001	8.560192000000002	30.734751999999986
27.233333333333327	69.59545600000003	3.030051200000001	8.560192000000002	30.734751999999986
27.249999999999996	69.59545600000003	3.030051200000001	8.560192000000002	30.734751999999986
27.266666666666662	70.13542400000003	3.030051200000001	9.100160000000002	30.734751999999986
27.28333333333333	70.13542400000003	3.030051200000001	9.100160000000002	30.734751999999986
27.299999999999997	70.13542400000003	3.030051200000001	9.100160000000002	30.734751999999986
27.316666666666663	70.13542400000003	3.030051200000001	9.100160000000002	30.734751999999986
27.33333333333333	70.13542400000003	2.9652928000000007	9.100160000000002	31.382335999999984
27.349999999999994	70.67539200000003	2.9652928000000007	9.640128000000002	31.382335999999984
27.366666666666664	70.67539200000003	2.9652928000000007	9.640128000000002	31.382335999999984
27.38333333333333	70.67539200000003	2.9652928000000007	9.640128000000002	31.382335999999984
27.4	70.67539200000003	2.9652928000000007	9.640128000000002	31.382335999999984
27.416666666666664	70.67539200000003	2.9652928000000007	9.640128000000002	31.382335999999984
27.43333333333333	71.21536000000003	2.9652928000000007	9.685440000000002	31.87699199999998
27.449999999999996	71.21536000000003	2.9652928000000007	9.685440000000002	31.87699199999998
27.46666666666666	71.21536000000003	2.9652928000000007	9.685440000000002	31.87699199999998
27.483333333333327	71.21536000000003	2.9652928000000007	9.685440000000002	31.87699199999998
27.499999999999996	71.21536000000003	2.9652928000000007	9.685440000000002	31.87699199999998
27.516666666666662	71.75532800000003	2.9652928000000007	10.225408000000002	31.87699199999998
27.53333333333333	71.75532800000003	2.9652928000000007	10.225408000000002	31.87699199999998
27.549999999999997	71.75532800000003	2.8941152000000008	10.225408000000002	32.58876799999998
27.566666666666663	71.75532800000003	2.8941152000000008	10.225408000000002	32.58876799999998
27.58333333333333	71.75532800000003	2.9481120000000005	10.225408000000002	32.048799999999986
27.599999999999994	72.29529600000004	2.9481120000000005	10.225408000000002	32.58876799999998
27.616666666666664	72.29529600000004	2.9481120000000005	10.225408000000002	32.58876799999998
27.63333333333333	72.29529600000004	2.9481120000000005	10.720064000000002	32.09411199999998
27.65	72.29529600000004	2.9481120000000005	10.720064000000002	32.09411199999998
27.666666666666664	72.29529600000004	2.9481120000000005	10.720064000000002	32.09411199999998
27.68333333333333	72.29529600000004	2.9481120000000005	10.720064000000002	32.09411199999998
27.699999999999996	72.29529600000004	2.9481120000000005	10.720064000000002	32.09411199999998
27.71666666666666	72.29529600000004	2.9481120000000005	10.720064000000002	32.09411199999998
27.733333333333327	72.29529600000004	2.9481120000000005	11.367648000000003	31.446527999999986
27.749999999999996	72.29529600000004	2.9481120000000005	10.827680000000003	31.98649599999998
27.766666666666662	72.29529600000004	2.9481120000000005	10.827680000000003	31.98649599999998
27.78333333333333	72.29529600000004	2.9481120000000005	10.827680000000003	31.98649599999998
27.799999999999997	72.29529600000004	2.9481120000000005	10.827680000000003	31.98649599999998
27.816666666666663	72.29529600000004	2.9481120000000005	10.827680000000003	31.98649599999998
27.83333333333333	72.29529600000004	2.9481120000000005	10.827680000000003	31.98649599999998
27.849999999999994	72.29529600000004	2.9481120000000005	10.827680000000003	31.98649599999998
27.86666666666666	72.29529600000004	2.9481120000000005	10.827680000000003	31.98649599999998
27.88333333333333	72.29529600000004	2.9481120000000005	10.827680000000003	31.98649599999998
27.899999999999995	72.29529600000004	2.9481120000000005	10.827680000000003	31.98649599999998
27.916666666666664	72.29529600000004	2.9481120000000005	10.827680000000003	31.98649599999998
27.93333333333333	72.29529600000004	2.9481120000000005	10.827680000000003	31.98649599999998
27.949999999999996	72.29529600000004	2.9481120000000005	10.827680000000003	31.98649599999998
27.96666666666666	72.29529600000004	2.9481120000000005	10.827680000000003	31.98649599999998
27.98333333333333	72.29529600000004	2.9481120000000005	10.827680000000003	31.98649599999998
27.999999999999996	72.29529600000004	2.9481120000000005	10.827680000000003	31.98649599999998
28.016666666666662	72.29529600000004	2.9481120000000005	10.827680000000003	31.98649599999998
28.033333333333328	72.29529600000004	2.9481120000000005	10.827680000000003	31.98649599999998
28.049999999999997	72.29529600000004	2.9481120000000005	10.827680000000003	31.98649599999998
28.066666666666663	72.29529600000004	3.0021088000000007	10.827680000000003	31.446527999999986
28.08333333333333	72.29529600000004	3.0021088000000007	10.333024000000002	31.941183999999982
28.099999999999994	72.29529600000004	3.0021088000000007	10.333024000000002	31.941183999999982
28.116666666666664	72.29529600000004	3.0021088000000007	10.333024000000002	31.941183999999982
28.13333333333333	72.29529600000004	3.0021088000000007	10.333024000000002	31.941183999999982
28.149999999999995	72.29529600000004	3.0021088000000007	10.333024000000002	31.941183999999982
28.166666666666664	72.29529600000004	2.9373504000000006	10.333024000000002	32.58876799999998
28.18333333333333	72.29529600000004	2.9373504000000006	10.333024000000002	32.58876799999998
28.199999999999996	72.29529600000004	2.9373504000000006	10.333024000000002	32.58876799999998
28.21666666666666	72.29529600000004	2.9373504000000006	10.333024000000002	32.58876799999998
28.23333333333333	72.29529600000004	2.9373504000000006	10.333024000000002	32.58876799999998
28.249999999999996	72.29529600000004	2.9373504000000006	10.333024000000002	32.58876799999998
28.266666666666662	72.29529600000004	2.9373504000000006	10.333024000000002	32.58876799999998
28.283333333333328	72.29529600000004	2.9373504000000006	10.333024000000002	32.58876799999998
28.299999999999997	72.29529600000004	2.9373504000000006	10.333024000000002	32.58876799999998
28.316666666666663	72.29529600000004	2.9373504000000006	10.333024000000002	32.58876799999998
28.33333333333333	72.29529600000004	2.9373504000000006	10.333024000000002	32.58876799999998
28.349999999999994	72.29529600000004	2.9373504000000006	10.333024000000002	32.58876799999998
28.366666666666664	72.29529600000004	2.9373504000000006	9.793056000000002	33.128735999999975
28.38333333333333	72.29529600000004	2.9373504000000006	9.793056000000002	33.128735999999975
28.399999999999995	72.29529600000004	2.8661728000000006	9.793056000000002	33.840511999999976
28.416666666666664	72.29529600000004	2.8661728000000006	9.793056000000002	33.840511999999976
28.43333333333333	72.29529600000004	2.8661728000000006	9.793056000000002	33.840511999999976
28.449999999999996	72.29529600000004	2.8661728000000006	9.793056000000002	33.840511999999976
28.46666666666666	72.29529600000004	2.8661728000000006	9.793056000000002	33.840511999999976
28.48333333333333	72.29529600000004	2.8661728000000006	9.793056000000002	33.840511999999976
28.499999999999996	72.29529600000004	2.8661728000000006	9.793056000000002	33.840511999999976
28.516666666666662	72.29529600000004	2.8661728000000006	9.793056000000002	33.840511999999976
28.533333333333328	71.58352000000004	2.8661728000000006	9.793056000000002	33.128735999999975
28.549999999999997	71.58352000000004	2.8661728000000006	9.793056000000002	33.128735999999975
28.566666666666663	71.58352000000004	2.8661728000000006	9.793056000000002	33.128735999999975
28.58333333333333	70.87174400000004	2.8661728000000006	10.333024000000002	31.87699199999998
28.599999999999994	70.87174400000004	2.8661728000000006	10.827680000000003	31.382335999999984
28.616666666666664	70.87174400000004	2.8661728000000006	10.827680000000003	31.382335999999984
28.63333333333333	70.15996800000003	2.8661728000000006	10.827680000000003	30.670559999999984
28.649999999999995	70.15996800000003	2.8661728000000006	10.827680000000003	30.670559999999984
28.66666666666666	70.15996800000003	2.8661728000000006	10.827680000000003	30.670559999999984
28.68333333333333	70.15996800000003	2.8661728000000006	10.827680000000003	30.670559999999984
28.699999999999996	69.44819200000003	2.8661728000000006	10.827680000000003	29.958783999999984
28.71666666666666	69.44819200000003	2.8661728000000006	10.827680000000003	29.958783999999984
28.73333333333333	68.73641600000003	2.8661728000000006	10.827680000000003	29.247007999999983
28.749999999999996	68.73641600000003	2.8661728000000006	10.827680000000003	29.247007999999983
28.766666666666662	68.73641600000003	2.8661728000000006	10.827680000000003	29.247007999999983
28.783333333333328	68.02464000000003	2.8661728000000006	10.827680000000003	28.535231999999983
28.799999999999997	68.02464000000003	2.8167072000000006	10.827680000000003	29.02988799999998
28.816666666666663	68.02464000000003	2.8167072000000006	10.827680000000003	29.02988799999998
28.83333333333333	68.02464000000003	2.8167072000000006	10.827680000000003	29.02988799999998
28.849999999999994	67.31286400000003	2.8167072000000006	10.827680000000003	28.318111999999978
28.866666666666664	67.31286400000003	2.8167072000000006	10.827680000000003	28.318111999999978
28.88333333333333	67.31286400000003	2.8167072000000006	10.827680000000003	28.318111999999978
28.899999999999995	66.60108800000003	2.8167072000000006	10.115904000000002	28.318111999999978
28.91666666666666	66.60108800000003	2.8167072000000006	10.115904000000002	28.318111999999978
28.93333333333333	66.60108800000003	2.8167072000000006	9.575936000000002	28.858079999999976
28.949999999999996	65.88931200000003	2.8167072000000006	8.864160000000002	28.858079999999976
28.96666666666666	65.88931200000003	2.8167072000000006	8.864160000000002	28.858079999999976
28.98333333333333	65.88931200000003	2.8167072000000006	8.864160000000002	28.858079999999976
28.999999999999996	65.17753600000003	2.7519488000000005	8.152384000000001	29.505663999999975
29.016666666666662	65.17753600000003	2.7519488000000005	8.152384000000001	29.505663999999975
29.033333333333328	65.17753600000003	2.7519488000000005	8.152384000000001	29.505663999999975
29.049999999999997	65.17753600000003	2.7519488000000005	8.152384000000001	29.505663999999975
29.066666666666663	64.46576000000003	2.7519488000000005	7.440608000000001	29.505663999999975
29.08333333333333	64.46576000000003	2.7519488000000005	7.440608000000001	29.505663999999975
29.099999999999994	64.46576000000003	2.7519488000000005	7.440608000000001	29.505663999999975
29.116666666666664	63.75398400000004	2.7519488000000005	6.728832000000001	29.505663999999975
29.13333333333333	63.75398400000004	2.7519488000000005	6.728832000000001	29.505663999999975
29.149999999999995	63.75398400000004	2.7519488000000005	6.728832000000001	29.505663999999975
29.16666666666666	63.04220800000004	2.6807712000000006	6.728832000000001	29.505663999999975
29.18333333333333	63.04220800000004	2.6807712000000006	6.728832000000001	29.505663999999975
29.199999999999996	63.04220800000004	2.6807712000000006	7.268800000000001	28.965695999999976
29.21666666666666	62.33043200000004	2.5384160000000007	7.268800000000001	29.677471999999977
29.23333333333333	62.33043200000004	2.5384160000000007	7.268800000000001	29.677471999999977
29.249999999999996	62.33043200000004	2.5384160000000007	7.268800000000001	29.677471999999977
29.266666666666662	62.33043200000004	2.5384160000000007	7.268800000000001	29.677471999999977
29.283333333333328	61.61865600000004	2.4672384000000007	7.268800000000001	29.677471999999977
29.299999999999997	61.61865600000004	2.4672384000000007	7.268800000000001	29.677471999999977
29.316666666666663	61.61865600000004	2.4672384000000007	7.268800000000001	29.677471999999977
29.33333333333333	60.90688000000004	2.3960608000000008	7.268800000000001	29.677471999999977
29.349999999999994	60.90688000000004	2.3960608000000008	7.268800000000001	29.677471999999977
29.366666666666664	60.90688000000004	2.3960608000000008	7.268800000000001	29.677471999999977
29.38333333333333	60.195104000000036	2.324883200000001	7.268800000000001	29.677471999999977
29.399999999999995	60.195104000000036	2.324883200000001	7.268800000000001	29.677471999999977
29.41666666666666	60.195104000000036	2.324883200000001	7.268800000000001	29.677471999999977
29.43333333333333	60.195104000000036	2.324883200000001	7.268800000000001	29.677471999999977
29.449999999999996	59.483328000000036	2.253705600000001	7.268800000000001	29.677471999999977
29.46666666666666	59.483328000000036	2.253705600000001	6.728832000000001	30.217439999999975
29.483333333333327	59.483328000000036	2.253705600000001	6.728832000000001	30.217439999999975
29.499999999999996	58.771552000000035	2.182528000000001	6.728832000000001	30.217439999999975
29.516666666666662	58.771552000000035	2.182528000000001	6.728832000000001	30.217439999999975
29.533333333333328	58.771552000000035	2.182528000000001	6.728832000000001	30.217439999999975
29.549999999999997	58.059776000000035	2.061884800000001	6.728832000000001	30.712095999999974
29.566666666666663	58.059776000000035	2.061884800000001	6.728832000000001	30.712095999999974
29.58333333333333	58.059776000000035	2.061884800000001	6.728832000000001	30.712095999999974
29.599999999999994	57.348000000000035	2.061884800000001	6.728832000000001	30.000319999999974
29.616666666666664	57.348000000000035	2.061884800000001	6.728832000000001	30.000319999999974
29.63333333333333	57.348000000000035	2.061884800000001	6.728832000000001	30.000319999999974
29.649999999999995	57.348000000000035	2.061884800000001	7.223488000000001	29.505663999999975
29.66666666666666	56.636224000000034	2.061884800000001	7.223488000000001	28.793887999999974
29.68333333333333	56.636224000000034	2.061884800000001	7.223488000000001	28.793887999999974
29.699999999999996	55.924448000000034	2.061884800000001	7.223488000000001	28.082111999999974
29.71666666666666	55.924448000000034	2.061884800000001	7.223488000000001	28.082111999999974
29.733333333333327	55.924448000000034	2.061884800000001	7.223488000000001	28.082111999999974
29.749999999999996	55.21267200000003	2.061884800000001	7.223488000000001	27.370335999999973
29.766666666666662	55.21267200000003	2.061884800000001	7.223488000000001	27.370335999999973
29.783333333333328	55.21267200000003	2.061884800000001	7.223488000000001	27.370335999999973
29.799999999999997	55.21267200000003	2.061884800000001	7.223488000000001	27.370335999999973
29.816666666666663	54.50089600000003	2.061884800000001	7.223488000000001	26.658559999999973
29.83333333333333	54.50089600000003	1.9971264000000009	7.223488000000001	27.30614399999997
29.849999999999994	54.50089600000003	1.9971264000000009	7.223488000000001	27.30614399999997
29.866666666666664	53.78912000000003	1.9971264000000009	7.223488000000001	26.59436799999997
29.88333333333333	53.78912000000003	1.9971264000000009	7.223488000000001	26.59436799999997
29.899999999999995	53.78912000000003	1.9971264000000009	7.763456000000001	26.054399999999973
29.91666666666666	53.07734400000003	1.9971264000000009	7.763456000000001	25.342623999999972
29.93333333333333	53.07734400000003	1.9971264000000009	7.763456000000001	25.342623999999972
29.949999999999996	53.07734400000003	1.9971264000000009	7.763456000000001	25.342623999999972
29.96666666666666	53.07734400000003	1.9971264000000009	7.763456000000001	25.342623999999972
29.983333333333327	52.36556800000003	1.9971264000000009	7.763456000000001	24.630847999999972
29.999999999999996	52.36556800000003	1.9971264000000009	7.763456000000001	24.630847999999972
30.016666666666662	52.36556800000003	1.9971264000000009	7.763456000000001	24.630847999999972
30.033333333333328	51.65379200000003	1.9971264000000009	7.763456000000001	23.91907199999997
30.049999999999997	51.65379200000003	1.9971264000000009	7.223488000000001	24.45903999999997
30.066666666666663	51.65379200000003	1.9971264000000009	7.223488000000001	24.45903999999997
30.08333333333333	51.00620800000003	1.9971264000000009	7.223488000000001	23.81145599999997
30.099999999999994	51.00620800000003	1.9971264000000009	7.223488000000001	23.81145599999997
30.116666666666664	51.00620800000003	1.9971264000000009	7.223488000000001	23.81145599999997
30.13333333333333	50.35862400000003	1.9971264000000009	7.223488000000001	23.163871999999973
30.149999999999995	50.35862400000003	1.9971264000000009	7.223488000000001	23.163871999999973
30.16666666666666	50.35862400000003	1.9971264000000009	7.223488000000001	23.163871999999973
30.18333333333333	50.35862400000003	1.9971264000000009	7.223488000000001	23.163871999999973
30.199999999999996	49.711040000000025	1.9971264000000009	7.223488000000001	22.516287999999975
30.21666666666666	49.711040000000025	1.9971264000000009	7.223488000000001	22.516287999999975
30.233333333333327	49.711040000000025	1.9971264000000009	7.223488000000001	22.516287999999975
30.249999999999996	49.06345600000002	1.9971264000000009	7.223488000000001	21.868703999999976
30.266666666666662	49.06345600000002	1.9971264000000009	7.223488000000001	21.868703999999976
30.283333333333328	49.06345600000002	1.9971264000000009	7.223488000000001	21.868703999999976
30.299999999999997	48.41587200000002	1.9971264000000009	7.223488000000001	21.221119999999978
30.316666666666663	48.41587200000002	1.9971264000000009	7.223488000000001	21.221119999999978
30.33333333333333	48.41587200000002	1.9971264000000009	7.223488000000001	21.221119999999978
30.349999999999994	48.41587200000002	1.9971264000000009	7.223488000000001	21.221119999999978
30.366666666666664	47.76828800000002	1.9476608000000009	7.223488000000001	21.06819199999998
30.38333333333333	47.76828800000002	1.9476608000000009	7.223488000000001	21.06819199999998
30.399999999999995	47.76828800000002	1.9476608000000009	7.223488000000001	21.06819199999998
30.41666666666666	47.12070400000002	1.9476608000000009	7.223488000000001	20.42060799999998
30.43333333333333	47.12070400000002	1.9476608000000009	7.223488000000001	20.42060799999998
30.449999999999996	47.12070400000002	1.9476608000000009	7.223488000000001	20.42060799999998
30.46666666666666	47.12070400000002	1.9476608000000009	7.223488000000001	20.42060799999998
30.483333333333327	46.473120000000016	1.9476608000000009	7.223488000000001	19.77302399999998
30.499999999999996	46.473120000000016	1.9476608000000009	7.223488000000001	19.77302399999998
30.516666666666662	46.473120000000016	1.9476608000000009	7.223488000000001	19.77302399999998
30.533333333333328	45.825536000000014	1.9476608000000009	6.575904	19.77302399999998
30.549999999999997	45.825536000000014	1.9476608000000009	6.575904	19.77302399999998
30.566666666666663	45.825536000000014	1.9476608000000009	6.575904	19.77302399999998
30.58333333333333	45.17795200000001	1.9476608000000009	5.92832	19.77302399999998
30.599999999999994	45.17795200000001	1.9476608000000009	5.388352	20.312991999999976
30.616666666666664	45.17795200000001	1.9476608000000009	5.388352	20.312991999999976
30.63333333333333	45.17795200000001	1.9476608000000009	5.388352	20.312991999999976
30.649999999999995	44.53036800000001	1.8829024000000008	4.740768	20.960575999999975
30.66666666666666	44.53036800000001	1.8829024000000008	4.740768	20.960575999999975
30.68333333333333	43.88278400000001	1.8829024000000008	4.093184	20.960575999999975
30.699999999999996	43.88278400000001	1.8829024000000008	4.093184	20.960575999999975
30.71666666666666	43.88278400000001	1.8829024000000008	4.633152	20.42060799999998
30.733333333333327	43.235200000000006	1.8181440000000006	4.633152	20.42060799999998
30.749999999999996	43.235200000000006	1.8181440000000006	4.633152	20.42060799999998
30.766666666666662	43.235200000000006	1.8181440000000006	4.633152	20.42060799999998
30.783333333333328	43.235200000000006	1.8181440000000006	4.633152	20.42060799999998
30.799999999999994	42.587616000000004	1.7533856000000005	4.633152	20.42060799999998
30.816666666666663	42.587616000000004	1.7533856000000005	4.633152	20.42060799999998
30.83333333333333	42.587616000000004	1.7533856000000005	4.633152	20.42060799999998
30.849999999999994	41.940032	1.6886272000000004	4.633152	20.42060799999998
30.866666666666664	41.940032	1.6886272000000004	4.633152	20.42060799999998
30.88333333333333	41.940032	1.6886272000000004	4.633152	20.42060799999998
30.899999999999995	41.292448	1.6238688000000003	4.633152	20.42060799999998
30.91666666666666	41.292448	1.6238688000000003	4.633152	20.42060799999998
30.93333333333333	41.292448	1.6238688000000003	4.633152	20.42060799999998
30.949999999999996	41.292448	1.6238688000000003	4.633152	20.42060799999998
30.96666666666666	40.644864	1.5591104000000002	4.633152	20.42060799999998
30.983333333333327	40.644864	1.5591104000000002	4.633152	20.42060799999998
30.999999999999996	40.644864	1.5591104000000002	4.633152	20.42060799999998
31.016666666666662	39.997279999999996	1.4943520000000001	4.633152	20.42060799999998
31.033333333333328	39.997279999999996	1.4943520000000001	4.633152	20.42060799999998
31.049999999999994	39.997279999999996	1.4943520000000001	4.633152	20.42060799999998
31.066666666666663	39.997279999999996	1.4943520000000001	4.633152	20.42060799999998
31.08333333333333	39.349695999999994	1.4295936	4.633152	20.42060799999998
31.099999999999994	39.349695999999994	1.4295936	4.633152	20.42060799999998
31.116666666666664	39.349695999999994	1.4295936	4.633152	20.42060799999998
31.13333333333333	38.70211199999999	1.3648352	4.633152	20.42060799999998
31.149999999999995	38.70211199999999	1.3648352	4.633152	20.42060799999998
31.16666666666666	38.70211199999999	1.3648352	4.633152	20.42060799999998
31.18333333333333	38.05452799999999	1.2506111999999998	4.633152	20.915263999999976
31.199999999999996	38.05452799999999	1.2506111999999998	4.633152	20.915263999999976
31.21666666666666	38.05452799999999	1.2506111999999998	4.633152	20.915263999999976
31.233333333333327	38.05452799999999	1.1966143999999999	4.633152	21.455231999999974
31.249999999999996	37.40694399999999	1.1966143999999999	4.633152	20.807647999999975
31.266666666666662	37.40694399999999	1.1966143999999999	4.633152	20.807647999999975
31.283333333333328	37.40694399999999	1.1966143999999999	4.633152	20.807647999999975
31.299999999999994	36.75935999999999	1.1966143999999999	4.633152	20.160063999999977
31.316666666666663	36.75935999999999	1.1966143999999999	4.633152	20.160063999999977
31.33333333333333	36.75935999999999	1.1966143999999999	4.633152	20.160063999999977
31.349999999999994	36.111775999999985	1.1966143999999999	4.633152	19.51247999999998
31.366666666666664	36.111775999999985	1.1966143999999999	4.633152	19.51247999999998
31.38333333333333	36.111775999999985	1.1966143999999999	4.633152	19.51247999999998
31.399999999999995	36.111775999999985	1.1966143999999999	4.633152	19.51247999999998
31.41666666666666	35.46419199999998	1.1966143999999999	4.633152	18.86489599999998
31.43333333333333	35.46419199999998	1.1966143999999999	4.633152	18.86489599999998
31.449999999999996	35.46419199999998	1.1966143999999999	4.633152	18.86489599999998
31.46666666666666	34.81660799999998	1.1966143999999999	4.633152	18.217311999999982
31.483333333333327	34.81660799999998	1.1966143999999999	4.633152	18.217311999999982
31.499999999999996	34.81660799999998	1.1966143999999999	4.633152	18.217311999999982
31.516666666666662	34.81660799999998	1.1966143999999999	4.633152	18.217311999999982
31.533333333333328	34.16902399999998	1.1966143999999999	4.633152	17.569727999999984
31.549999999999994	34.16902399999998	1.1966143999999999	4.633152	17.569727999999984
31.566666666666663	34.16902399999998	1.1966143999999999	4.633152	17.569727999999984
31.58333333333333	33.52143999999998	1.1966143999999999	4.633152	16.922143999999985
31.599999999999994	33.52143999999998	1.1966143999999999	4.633152	16.922143999999985
31.61666666666666	32.873855999999975	1.1966143999999999	4.633152	16.274559999999987
31.63333333333333	32.873855999999975	1.1966143999999999	4.633152	16.274559999999987
31.649999999999995	32.873855999999975	1.1966143999999999	5.17312	15.734591999999989
31.66666666666666	32.873855999999975	1.1966143999999999	5.17312	15.734591999999989
31.68333333333333	32.22627199999997	1.1966143999999999	5.17312	15.087007999999988
31.699999999999996	32.22627199999997	1.1966143999999999	5.17312	15.087007999999988
31.71666666666666	31.57868799999997	1.1966143999999999	5.17312	14.439423999999988
31.733333333333327	31.57868799999997	1.1966143999999999	5.17312	14.439423999999988
31.749999999999996	31.57868799999997	1.1966143999999999	5.17312	14.439423999999988
31.766666666666662	31.57868799999997	1.1966143999999999	5.17312	14.439423999999988
31.783333333333328	31.084031999999972	1.1966143999999999	5.17312	13.94476799999999
31.799999999999994	31.084031999999972	1.1966143999999999	5.17312	13.94476799999999
31.816666666666663	31.084031999999972	1.1966143999999999	5.17312	13.94476799999999
31.83333333333333	31.084031999999972	1.1966143999999999	5.17312	13.94476799999999
31.849999999999994	30.589375999999973	1.1966143999999999	5.17312	13.45011199999999
31.86666666666666	30.589375999999973	1.1966143999999999	5.17312	13.45011199999999
31.88333333333333	30.589375999999973	1.1966143999999999	5.17312	13.45011199999999
31.899999999999995	30.094719999999974	1.1426176	5.17312	13.49542399999999
31.91666666666666	30.094719999999974	1.1426176	5.17312	13.49542399999999
31.93333333333333	30.094719999999974	1.1426176	5.17312	13.49542399999999
31.949999999999996	30.094719999999974	1.1426176	5.17312	13.49542399999999
31.96666666666666	29.600063999999975	1.1426176	5.17312	13.00076799999999
31.983333333333327	29.600063999999975	1.1426176	5.17312	13.00076799999999
31.999999999999996	29.600063999999975	1.1426176	5.17312	13.00076799999999
32.016666666666666	29.105407999999976	1.1426176	5.17312	12.506111999999991
32.03333333333333	29.105407999999976	1.093152	5.17312	13.00076799999999
32.05	29.105407999999976	1.093152	5.17312	13.00076799999999
32.06666666666666	28.610751999999977	1.093152	5.17312	12.506111999999991
32.08333333333333	28.610751999999977	1.093152	5.17312	12.506111999999991
32.099999999999994	28.610751999999977	1.093152	5.17312	12.506111999999991
32.11666666666666	28.610751999999977	1.093152	5.17312	12.506111999999991
32.133333333333326	28.116095999999978	1.093152	4.678464	12.506111999999991
32.14999999999999	28.116095999999978	1.093152	4.678464	12.506111999999991
32.16666666666666	28.116095999999978	1.093152	4.678464	12.506111999999991
32.18333333333333	27.62143999999998	1.093152	4.183808	12.506111999999991
32.199999999999996	27.62143999999998	1.093152	4.183808	12.506111999999991
32.21666666666666	27.62143999999998	1.093152	4.183808	12.506111999999991
32.23333333333333	27.12678399999998	1.093152	3.689152	12.506111999999991
32.25	27.12678399999998	1.093152	3.689152	12.506111999999991
32.266666666666666	27.12678399999998	1.093152	3.689152	12.506111999999991
32.28333333333333	27.12678399999998	1.093152	3.689152	12.506111999999991
32.3	26.63212799999998	1.093152	3.194496	12.506111999999991
32.31666666666666	26.63212799999998	1.093152	3.194496	12.506111999999991
32.33333333333333	26.63212799999998	1.093152	3.194496	12.506111999999991
32.349999999999994	26.13747199999998	1.093152	2.69984	12.506111999999991
32.36666666666666	26.13747199999998	1.093152	2.69984	12.506111999999991
32.383333333333326	26.13747199999998	1.093152	2.69984	12.506111999999991
32.39999999999999	26.13747199999998	1.093152	2.69984	12.506111999999991
32.41666666666666	25.642815999999982	1.0436864	2.69984	12.506111999999991
32.43333333333333	25.642815999999982	1.0436864	2.69984	12.506111999999991
32.449999999999996	25.642815999999982	1.0436864	2.69984	12.506111999999991
32.46666666666666	25.148159999999983	0.9942207999999999	2.69984	12.506111999999991
32.48333333333333	25.148159999999983	0.9942207999999999	2.69984	12.506111999999991
32.5	24.653503999999984	0.9447551999999999	2.69984	12.506111999999991
32.516666666666666	24.653503999999984	0.9447551999999999	2.69984	12.506111999999991
32.53333333333333	24.653503999999984	0.9447551999999999	2.69984	12.506111999999991
32.55	24.653503999999984	0.9447551999999999	2.69984	12.506111999999991
32.56666666666666	24.653503999999984	0.9447551999999999	2.69984	12.506111999999991
32.58333333333333	24.158847999999985	0.8952895999999999	2.69984	12.506111999999991
32.599999999999994	24.158847999999985	0.8952895999999999	2.69984	12.506111999999991
32.61666666666666	23.664191999999986	0.8458239999999999	2.69984	12.506111999999991
32.633333333333326	23.664191999999986	0.7918272	2.69984	13.046079999999993
32.64999999999999	23.664191999999986	0.7918272	2.69984	13.046079999999993
32.66666666666666	23.169535999999987	0.7423616	2.69984	13.046079999999993
32.68333333333333	23.169535999999987	0.7423616	2.69984	13.046079999999993
32.699999999999996	23.169535999999987	0.7423616	2.69984	13.046079999999993
32.71666666666666	23.169535999999987	0.7423616	2.69984	13.046079999999993
32.73333333333333	22.674879999999987	0.692896	2.69984	13.046079999999993
32.75	22.674879999999987	0.692896	2.69984	13.046079999999993
32.766666666666666	22.674879999999987	0.692896	2.69984	13.046079999999993
32.78333333333333	22.18022399999999	0.6434304	2.69984	13.046079999999993
32.8	22.18022399999999	0.6434304	2.69984	13.046079999999993
32.81666666666666	22.18022399999999	0.6434304	2.69984	13.046079999999993
32.83333333333333	21.68556799999999	0.5939648	2.69984	13.046079999999993
32.849999999999994	21.68556799999999	0.5939648	2.69984	13.046079999999993
32.86666666666666	21.68556799999999	0.5939648	2.69984	13.046079999999993
32.883333333333326	21.68556799999999	0.5939648	2.69984	13.046079999999993
32.89999999999999	21.19091199999999	0.5939648	2.69984	12.551423999999994
32.91666666666666	21.19091199999999	0.5939648	2.69984	12.551423999999994
32.93333333333332	21.19091199999999	0.5939648	2.69984	12.551423999999994
32.949999999999996	20.69625599999999	0.5939648	2.69984	12.056767999999995
32.96666666666666	20.69625599999999	0.5939648	2.69984	12.056767999999995
32.98333333333333	20.69625599999999	0.5939648	2.69984	12.056767999999995
33.0	20.201599999999992	0.5939648	2.69984	11.562111999999996
33.016666666666666	20.201599999999992	0.5939648	2.69984	11.562111999999996
33.03333333333333	19.706943999999993	0.5939648	2.69984	11.067455999999996
33.05	19.706943999999993	0.5939648	2.69984	11.067455999999996
33.06666666666666	19.706943999999993	0.5939648	2.69984	11.067455999999996
33.08333333333333	19.706943999999993	0.5939648	2.69984	11.067455999999996
33.099999999999994	19.706943999999993	0.5939648	2.69984	11.067455999999996
33.11666666666666	19.212287999999994	0.5939648	2.69984	10.572799999999997
33.133333333333326	19.212287999999994	0.5939648	2.69984	10.572799999999997
33.14999999999999	19.212287999999994	0.5939648	2.69984	10.572799999999997
33.16666666666666	18.717631999999995	0.5939648	2.69984	10.078143999999998
33.18333333333332	18.717631999999995	0.5939648	2.69984	10.078143999999998
33.199999999999996	18.717631999999995	0.5939648	2.69984	10.078143999999998
33.21666666666666	18.222975999999996	0.5939648	2.69984	9.583488
33.23333333333333	18.222975999999996	0.5939648	2.69984	9.583488
33.25	18.222975999999996	0.5939648	2.69984	9.583488
33.266666666666666	17.728319999999997	0.5939648	2.69984	9.088832
33.28333333333333	17.728319999999997	0.5939648	2.69984	9.088832
33.3	17.728319999999997	0.5939648	2.69984	9.088832
33.31666666666666	17.728319999999997	0.5939648	2.69984	9.088832
33.33333333333333	17.233663999999997	0.5939648	2.69984	8.594176000000001
33.349999999999994	17.233663999999997	0.5939648	2.69984	8.594176000000001
33.36666666666666	17.233663999999997	0.5939648	2.69984	8.594176000000001
33.383333333333326	16.739008	0.5939648	2.69984	8.09952
33.39999999999999	16.739008	0.539968	2.69984	8.639488
33.41666666666666	16.739008	0.539968	2.69984	8.639488
33.43333333333332	16.19904	0.539968	2.69984	8.09952
33.449999999999996	16.19904	0.539968	2.69984	8.09952
33.46666666666666	16.19904	0.539968	2.69984	8.09952
33.48333333333333	16.19904	0.539968	2.69984	8.09952
33.5	15.659072	0.539968	2.69984	7.559552
33.516666666666666	15.659072	0.539968	2.69984	7.559552
33.53333333333333	15.119104	0.539968	2.69984	7.019584
33.55	15.119104	0.539968	2.69984	7.019584
33.56666666666666	15.119104	0.539968	2.69984	7.019584
33.58333333333333	14.579136	0.539968	2.69984	6.479616
33.599999999999994	14.579136	0.539968	2.69984	6.479616
33.61666666666666	14.579136	0.539968	2.69984	6.479616
33.633333333333326	14.039168	0.539968	2.69984	5.939648
33.64999999999999	14.039168	0.539968	2.69984	5.939648
33.66666666666666	14.039168	0.539968	2.69984	5.939648
33.68333333333332	13.4992	0.539968	2.159872	5.939648
33.699999999999996	13.4992	0.539968	2.159872	5.939648
33.71666666666666	13.4992	0.539968	2.159872	5.939648
33.73333333333333	13.4992	0.539968	2.159872	5.939648
33.74999999999999	12.959232	0.539968	1.619904	5.939648
33.766666666666666	12.959232	0.539968	1.619904	5.939648
33.78333333333333	12.959232	0.539968	1.619904	5.939648
33.8	12.419264	0.539968	1.079936	5.939648
33.81666666666666	12.419264	0.539968	1.079936	5.939648
33.83333333333333	12.419264	0.539968	1.079936	5.939648
33.849999999999994	11.879296	0.539968	0.539968	5.939648
33.86666666666666	11.879296	0.539968	0.539968	5.939648
33.883333333333326	11.879296	0.539968	0.539968	5.939648
33.89999999999999	11.339328	0.539968	0.0	5.939648
33.91666666666666	11.339328	0.539968	0.0	5.939648
33.93333333333332	11.339328	0.539968	0.0	5.939648
33.949999999999996	10.79936	0.48597120000000005	0.0	5.939648
33.96666666666666	10.79936	0.48597120000000005	0.0	5.939648
33.98333333333333	10.79936	0.48597120000000005	0.0	5.939648
33.99999999999999	10.79936	0.48597120000000005	0.0	5.939648
34.016666666666666	10.259392	0.43197440000000004	0.0	5.939648
34.03333333333333	10.259392	0.43197440000000004	0.0	5.939648
34.05	9.719424	0.3779776	0.0	5.939648
34.06666666666666	9.719424	0.3779776	0.0	5.939648
34.08333333333333	9.719424	0.3779776	0.0	5.939648
34.099999999999994	9.719424	0.3779776	0.0	5.939648
34.11666666666666	9.179456	0.3239808	0.0	5.939648
34.133333333333326	9.179456	0.3239808	0.0	5.939648
34.14999999999999	9.179456	0.3239808	0.0	5.939648
34.16666666666666	8.639488	0.269984	0.0	5.939648
34.18333333333332	8.639488	0.269984	0.0	5.939648
34.199999999999996	8.639488	0.269984	0.0	5.939648
34.21666666666666	8.09952	0.1619904	0.0	6.479616
34.23333333333333	8.09952	0.1619904	0.0	6.479616
34.24999999999999	8.09952	0.1619904	0.0	6.479616
34.266666666666666	7.559552	0.10799360000000001	0.0	6.479616
34.28333333333333	7.559552	0.10799360000000001	0.0	6.479616
34.3	7.559552	0.10799360000000001	0.0	6.479616
34.31666666666666	7.559552	0.10799360000000001	0.0	6.479616
34.33333333333333	7.019584	0.053996800000000005	0.0	6.479616
34.349999999999994	7.019584	0.053996800000000005	0.0	6.479616
34.36666666666666	7.019584	0.053996800000000005	0.0	6.479616
34.383333333333326	6.479616	0.0	0.0	6.479616
34.39999999999999	6.479616	0.0	0.0	6.479616
34.41666666666666	5.939648	0.0	0.0	5.939648
34.43333333333332	5.939648	0.0	0.0	5.939648
34.449999999999996	5.939648	0.0	0.0	5.939648
34.46666666666666	5.39968	0.0	0.0	5.39968
34.48333333333333	5.39968	0.0	0.0	5.39968
34.49999999999999	5.39968	0.0	0.0	5.39968
34.516666666666666	4.859712	0.0	0.0	4.859712
34.53333333333333	4.859712	0.0	0.0	4.859712
34.55	4.859712	0.0	0.0	4.859712
34.56666666666666	4.319744	0.0	0.0	4.319744
34.58333333333333	4.319744	0.0	0.0	4.319744
34.599999999999994	4.319744	0.0	0.0	4.319744
34.61666666666666	3.779776	0.0	0.0	3.779776
34.633333333333326	3.779776	0.0	0.0	3.779776
34.64999999999999	3.779776	0.0	0.0	3.779776
34.66666666666666	3.239808	0.0	0.0	3.239808
34.68333333333332	3.239808	0.0	0.0	3.239808
34.699999999999996	3.239808	0.0	0.0	3.239808
34.71666666666666	3.239808	0.0	0.0	3.239808
34.73333333333333	2.69984	0.0	0.0	2.69984
34.74999999999999	2.69984	0.0	0.0	2.69984
34.766666666666666	2.69984	0.0	0.0	2.69984
34.78333333333333	2.159872	0.0	0.0	2.159872
34.8	2.159872	0.0	0.0	2.159872
34.81666666666666	2.159872	0.0	0.0	2.159872
34.83333333333333	1.619904	0.0	0.0	1.619904
34.849999999999994	1.619904	0.0	0.0	1.619904
34.86666666666666	1.619904	0.0	0.0	1.619904
34.883333333333326	1.079936	0.0	0.0	1.079936
34.89999999999999	1.079936	0.0	0.0	1.079936
34.91666666666666	1.079936	0.0	0.0	1.079936
34.93333333333332	0.539968	0.0	0.0	0.539968
34.949999999999996	0.539968	0.0	0.0	0.539968
34.96666666666666	0.539968	0.0	0.0	0.539968
34.98333333333333	0.0	0.0	0.0	0.0
34.99999999999999	0.0	0.0	0.0	0.0
35.016666666666666	0.0	0.0	0.0	0.0
35.03333333333333	0.0	0.0	0.0	0.0
35.05	0.0	0.0	0.0	0.0
35.06666666666666	0.0	0.0	0.0	0.0
35.08333333333333	0.0	0.0	0.0	0.0
35.099999999999994	0.0	0.0	0.0	0.0
35.11666666666666	0.0	0.0	0.0	0.0
35.133333333333326	0.0	0.0	0.0	0.0
35.14999999999999	0.0	0.0	0.0	0.0
35.16666666666666	0.0	0.0	0.0	0.0
35.18333333333332	0.0	0.0	0.0	0.0
35.199999999999996	0.0	0.0	0.0	0.0
35.21666666666666	0.0	0.0	0.0	0.0
35.23333333333333	0.0	0.0	0.0	0.0
35.24999999999999	0.0	0.0	0.0	0.0
35.266666666666666	0.0	0.0	0.0	0.0
35.28333333333333	0.0	0.0	0.0	0.0
35.3	0.0	0.0	0.0	0.0
35.31666666666666	0.0	0.0	0.0	0.0
35.33333333333333	0.0	0.0	0.0	0.0
35.349999999999994	0.0	0.0	0.0	0.0
35.36666666666666	0.0	0.0	0.0	0.0
35.383333333333326	0.0	0.0	0.0	0.0
35.39999999999999	0.0	0.0	0.0	0.0
35.41666666666666	0.0	0.0	0.0	0.0
35.43333333333332	0.0	0.0	0.0	0.0
35.449999999999996	0.0	0.0	0.0	0.0
35.46666666666666	0.0	0.0	0.0	0.0
35.48333333333333	0.0	0.0	0.0	0.0
35.49999999999999	0.0	0.0	0.0	0.0
35.516666666666666	0.0	0.0	0.0	0.0
35.53333333333333	0.0	0.0	0.0	0.0
35.55	0.0	0.0	0.0	0.0
35.56666666666666	0.0	0.0	0.0	0.0
35.58333333333333	0.0	0.0	0.0	0.0
35.599999999999994	0.0	0.0	0.0	0.0
35.61666666666666	0.0	0.0	0.0	0.0
35.633333333333326	0.0	0.0	0.0	0.0
35.64999999999999	0.0	0.0	0.0	0.0
35.66666666666666	0.0	0.0	0.0	0.0
35.68333333333332	0.0	0.0	0.0	0.0
35.699999999999996	0.0	0.0	0.0	0.0
35.71666666666666	0.0	0.0	0.0	0.0
35.73333333333333	0.0	0.0	0.0	0.0
35.74999999999999	0.0	0.0	0.0	0.0
35.766666666666666	0.0	0.0	0.0	0.0
35.78333333333333	0.0	0.0	0.0	0.0
35.8	0.0	0.0	0.0	0.0
35.81666666666666	0.0	0.0	0.0	0.0
35.83333333333333	0.0	0.0	0.0	0.0
35.849999999999994	0.0	0.0	0.0	0.0
35.86666666666666	0.0	0.0	0.0	0.0
35.883333333333326	0.0	0.0	0.0	0.0
35.89999999999999	0.0	0.0	0.0	0.0
35.91666666666666	0.0	0.0	0.0	0.0
35.93333333333332	0.0	0.0	0.0	0.0
35.949999999999996	0.0	0.0	0.0	0.0
35.96666666666666	0.0	0.0	0.0	0.0
35.98333333333333	0.0	0.0	0.0	0.0
35.99999999999999	0.0	0.0	0.0	0.0
36.016666666666666	0.0	0.0	0.0	0.0
36.03333333333333	0.0	0.0	0.0	0.0
36.05	0.0	0.0	0.0	0.0
36.06666666666666	0.0	0.0	0.0	0.0
36.08333333333333	0.0	0.0	0.0	0.0
36.099999999999994	0.0	0.0	0.0	0.0
