LST	all	br	gray	dark
1.0	0.0	0.0	0.0	0.0
1.0166666666666666	0.0	0.0	0.0	0.0
1.0333333333333334	0.0	0.0	0.0	0.0
1.0500000000000003	0.0	0.0	0.0	0.0
1.0666666666666669	0.0	0.0	0.0	0.0
1.0833333333333335	0.0	0.0	0.0	0.0
1.1000000000000003	0.0	0.0	0.0	0.0
1.1166666666666671	0.0	0.0	0.0	0.0
1.1333333333333337	0.0	0.0	0.0	0.0
1.1500000000000004	0.0	0.0	0.0	0.0
1.1666666666666672	0.0	0.0	0.0	0.0
1.183333333333334	0.0	0.0	0.0	0.0
1.2000000000000006	0.0	0.0	0.0	0.0
1.2166666666666672	0.0	0.0	0.0	0.0
1.233333333333334	0.0	0.0	0.0	0.0
1.2500000000000009	0.0	0.0	0.0	0.0
1.2666666666666675	0.0	0.0	0.0	0.0
1.283333333333334	0.0	0.0	0.0	0.0
1.300000000000001	0.0	0.0	0.0	0.0
1.3166666666666678	0.0	0.0	0.0	0.0
1.3333333333333344	0.0	0.0	0.0	0.0
1.350000000000001	0.0	0.0	0.0	0.0
1.3666666666666678	0.0	0.0	0.0	0.0
1.3833333333333346	0.0	0.0	0.0	0.0
1.4000000000000012	0.0	0.0	0.0	0.0
1.4166666666666679	0.0	0.0	0.0	0.0
1.4333333333333347	0.0	0.0	0.0	0.0
1.4500000000000015	0.0	0.0	0.0	0.0
1.4666666666666681	0.0	0.0	0.0	0.0
1.4833333333333347	0.0	0.0	0.0	0.0
1.5000000000000016	0.0	0.0	0.0	0.0
1.5166666666666684	0.0	0.0	0.0	0.0
1.533333333333335	0.0	0.0	0.0	0.0
1.5500000000000016	0.0	0.0	0.0	0.0
1.5666666666666684	0.0	0.0	0.0	0.0
1.5833333333333353	0.0	0.0	0.0	0.0
1.6000000000000019	0.0	0.0	0.0	0.0
1.6166666666666685	0.0	0.0	0.0	0.0
1.6333333333333353	0.0	0.0	0.0	0.0
1.6500000000000021	0.0	0.0	0.0	0.0
1.6666666666666687	0.0	0.0	0.0	0.0
1.6833333333333353	0.0	0.0	0.0	0.0
1.7000000000000022	0.0	0.0	0.0	0.0
1.716666666666669	0.0	0.0	0.0	0.0
1.7333333333333356	0.0	0.0	0.0	0.0
1.7500000000000022	0.0	0.0	0.0	0.0
1.766666666666669	0.0	0.0	0.0	0.0
1.7833333333333359	0.0	0.0	0.0	0.0
1.8000000000000025	0.0	0.0	0.0	0.0
1.816666666666669	0.0	0.0	0.0	0.0
1.833333333333336	0.0	0.0	0.0	0.0
1.8500000000000028	0.0	0.0	0.0	0.0
1.8666666666666694	0.0	0.0	0.0	0.0
1.883333333333336	0.0	0.0	0.0	0.0
1.9000000000000028	0.0	0.0	0.0	0.0
1.9166666666666696	0.0	0.0	0.0	0.0
1.9333333333333362	0.0	0.0	0.0	0.0
1.9500000000000028	0.0	0.0	0.0	0.0
1.9666666666666697	0.0	0.0	0.0	0.0
1.9833333333333365	0.0	0.0	0.0	0.0
2.000000000000003	0.0	0.0	0.0	0.0
2.0166666666666697	0.0	0.0	0.0	0.0
2.0333333333333368	0.0	0.0	0.0	0.0
2.0500000000000034	0.0	0.0	0.0	0.0
2.06666666666667	0.0	0.0	0.0	0.0
2.0833333333333366	0.0	0.0	0.0	0.0
2.100000000000003	0.0	0.0	0.0	0.0
2.1166666666666702	0.0	0.0	0.0	0.0
2.133333333333337	0.0	0.0	0.0	0.0
2.1500000000000035	0.0	0.0	0.0	0.0
2.1666666666666705	0.0	0.0	0.0	0.0
2.183333333333337	0.0	0.0	0.0	0.0
2.2000000000000037	0.0	0.0	0.0	0.0
2.2166666666666703	0.0	0.0	0.0	0.0
2.233333333333337	0.0	0.0	0.0	0.0
2.250000000000004	0.0	0.0	0.0	0.0
2.2666666666666706	0.0	0.0	0.0	0.0
2.283333333333337	0.0	0.0	0.0	0.0
2.3000000000000043	0.0	0.0	0.0	0.0
2.316666666666671	0.0	0.0	0.0	0.0
2.3333333333333375	0.0	0.0	0.0	0.0
2.350000000000004	0.0	0.0	0.0	0.0
2.3666666666666707	0.0	0.0	0.0	0.0
2.3833333333333377	0.0	0.0	0.0	0.0
2.4000000000000044	0.0	0.0	0.0	0.0
2.416666666666671	0.0	0.0	0.0	0.0
2.433333333333338	0.0	0.0	0.0	0.0
2.4500000000000046	0.0	0.0	0.0	0.0
2.4666666666666712	0.0	0.0	0.0	0.0
2.483333333333338	0.0	0.0	0.0	0.0
2.5000000000000044	0.0	0.0	0.0	0.0
2.5166666666666715	0.0	0.0	0.0	0.0
2.533333333333338	0.0	0.0	0.0	0.0
2.5500000000000047	0.0	0.0	0.0	0.0
2.5666666666666718	0.0	0.0	0.0	0.0
2.5833333333333384	0.0	0.0	0.0	0.0
2.600000000000005	0.0	0.0	0.0	0.0
2.6166666666666716	0.0	0.0	0.0	0.0
2.633333333333338	0.0	0.0	0.0	0.0
2.6500000000000052	0.0	0.0	0.0	0.0
2.666666666666672	0.0	0.0	0.0	0.0
2.6833333333333385	0.0	0.0	0.0	0.0
2.7000000000000055	0.0	0.0	0.0	0.0
2.716666666666672	0.0	0.0	0.0	0.0
2.7333333333333387	0.0	0.0	0.0	0.0
2.7500000000000053	0.0	0.0	0.0	0.0
2.766666666666672	0.0	0.0	0.0	0.0
2.783333333333339	0.0	0.0	0.0	0.0
2.8000000000000056	0.0	0.0	0.0	0.0
2.816666666666672	0.0	0.0	0.0	0.0
2.8333333333333393	0.0	0.0	0.0	0.0
2.850000000000006	0.0	0.0	0.0	0.0
2.8666666666666725	0.0	0.0	0.0	0.0
2.883333333333339	0.0	0.0	0.0	0.0
2.9000000000000057	0.0	0.0	0.0	0.0
2.9166666666666727	0.0	0.0	0.0	0.0
2.9333333333333393	0.0	0.0	0.0	0.0
2.950000000000006	0.0	0.0	0.0	0.0
2.966666666666673	0.0	0.0	0.0	0.0
2.9833333333333396	0.0	0.0	0.0	0.0
3.000000000000006	0.0	0.0	0.0	0.0
3.016666666666673	0.0	0.0	0.0	0.0
3.0333333333333394	0.0	0.0	0.0	0.0
3.0500000000000065	0.0	0.0	0.0	0.0
3.066666666666673	0.0	0.0	0.0	0.0
3.0833333333333397	0.0	0.0	0.0	0.0
3.1000000000000068	0.0	0.0	0.0	0.0
3.1166666666666734	0.0	0.0	0.0	0.0
3.13333333333334	0.0	0.0	0.0	0.0
3.1500000000000066	0.0	0.0	0.0	0.0
3.166666666666673	0.0	0.0	0.0	0.0
3.1833333333333402	0.0	0.0	0.0	0.0
3.200000000000007	0.0	0.0	0.0	0.0
3.2166666666666734	0.0	0.0	0.0	0.0
3.2333333333333405	0.0	0.0	0.0	0.0
3.250000000000007	0.0	0.0	0.0	0.0
3.2666666666666737	0.0	0.0	0.0	0.0
3.2833333333333403	0.0	0.0	0.0	0.0
3.300000000000007	0.0	0.0	0.0	0.0
3.316666666666674	0.0	0.0	0.0	0.0
3.3333333333333406	0.0	0.0	0.0	0.0
3.350000000000007	0.0	0.0	0.0	0.0
3.3666666666666742	0.0	0.0	0.0	0.0
3.383333333333341	0.0	0.0	0.0	0.0
3.4000000000000075	0.0	0.0	0.0	0.0
3.416666666666674	0.0	0.0	0.0	0.0
3.4333333333333407	0.0	0.0	0.0	0.0
3.4500000000000077	0.0	0.0	0.0	0.0
3.4666666666666743	0.0	0.0	0.0	0.0
3.483333333333341	0.0	0.0	0.0	0.0
3.500000000000008	0.0	0.0	0.0	0.0
3.5166666666666746	0.0	0.0	0.0	0.0
3.533333333333341	0.0	0.0	0.0	0.0
3.550000000000008	0.0	0.0	0.0	0.0
3.5666666666666744	0.0	0.0	0.0	0.0
3.5833333333333415	0.0	0.0	0.0	0.0
3.600000000000008	0.0	0.0	0.0	0.0
3.6166666666666747	0.0	0.0	0.0	0.0
3.6333333333333417	0.0	0.0	0.0	0.0
3.6500000000000083	0.0	0.0	0.0	0.0
3.666666666666675	0.0	0.0	0.0	0.0
3.6833333333333416	0.0	0.0	0.0	0.0
3.700000000000008	0.0	0.0	0.0	0.0
3.7166666666666752	0.0	0.0	0.0	0.0
3.733333333333342	0.0	0.0	0.0	0.0
3.7500000000000084	0.0	0.0	0.0	0.0
3.7666666666666755	0.0	0.0	0.0	0.0
3.783333333333342	0.0	0.0	0.0	0.0
3.8000000000000087	0.0	0.0	0.0	0.0
3.8166666666666753	0.0	0.0	0.0	0.0
3.833333333333342	0.0	0.0	0.0	0.0
3.850000000000009	0.0	0.0	0.0	0.0
3.8666666666666756	0.0	0.0	0.0	0.0
3.883333333333342	0.0	0.0	0.0	0.0
3.9000000000000092	0.0	0.0	0.0	0.0
3.916666666666676	0.0	0.0	0.0	0.0
3.9333333333333425	0.0	0.0	0.0	0.0
3.950000000000009	0.0	0.0	0.0	0.0
3.9666666666666757	0.0	0.0	0.0	0.0
3.9833333333333427	0.0	0.0	0.0	0.0
4.000000000000009	0.0	0.0	0.0	0.0
4.016666666666676	0.0	0.0	0.0	0.0
4.033333333333343	0.0	0.0	0.0	0.0
4.05000000000001	0.0	0.0	0.0	0.0
4.066666666666676	0.0	0.0	0.0	0.0
4.083333333333343	0.0	0.0	0.0	0.0
4.100000000000009	0.0	0.0	0.0	0.0
4.116666666666676	0.0	0.0	0.0	0.0
4.1333333333333435	0.0	0.0	0.0	0.0
4.150000000000009	0.0	0.0	0.0	0.0
4.166666666666677	0.0	0.0	0.0	0.0
4.183333333333343	0.0	0.0	0.0	0.0
4.20000000000001	0.0	0.0	0.0	0.0
4.2166666666666766	0.0	0.0	0.0	0.0
4.233333333333343	0.0	0.0	0.0	0.0
4.250000000000011	0.0	0.0	0.0	0.0
4.266666666666676	0.0	0.0	0.0	0.0
4.283333333333344	0.0	0.0	0.0	0.0
4.3000000000000105	0.0	0.0	0.0	0.0
4.316666666666677	0.0	0.0	0.0	0.0
4.333333333333344	0.0	0.0	0.0	0.0
4.35000000000001	0.0	0.0	0.0	0.0
4.366666666666677	0.0	0.0	0.0	0.0
4.3833333333333435	0.0	0.0	0.0	0.0
4.400000000000011	0.0	0.0	0.0	0.0
4.416666666666677	0.0	0.0	0.0	0.0
4.433333333333344	0.0	0.0	0.0	0.0
4.450000000000011	0.0	0.0	0.0	0.0
4.466666666666677	0.0	0.0	0.0	0.0
4.483333333333344	0.0	0.0	0.0	0.0
4.500000000000011	0.0	0.0	0.0	0.0
4.516666666666678	0.0	0.0	0.0	0.0
4.533333333333344	0.0	0.0	0.0	0.0
4.550000000000011	0.0	0.0	0.0	0.0
4.566666666666678	0.0	0.0	0.0	0.0
4.583333333333345	0.0	0.0	0.0	0.0
4.600000000000011	0.0	0.0	0.0	0.0
4.616666666666678	0.0	0.0	0.0	0.0
4.633333333333344	0.0	0.0	0.0	0.0
4.650000000000011	0.0	0.0	0.0	0.0
4.6666666666666785	0.0	0.0	0.0	0.0
4.683333333333344	0.0	0.0	0.0	0.0
4.700000000000012	0.0	0.0	0.0	0.0
4.716666666666678	0.0	0.0	0.0	0.0
4.733333333333345	0.0	0.0	0.0	0.0
4.7500000000000115	0.0	0.0	0.0	0.0
4.766666666666678	0.0	0.0	0.0	0.0
4.783333333333346	0.0	0.0	0.0	0.0
4.800000000000011	0.0	0.0	0.0	0.0
4.816666666666679	0.0	0.0	0.0	0.0
4.8333333333333455	0.0	0.0	0.0	0.0
4.850000000000012	0.0	0.0	0.0	0.0
4.866666666666679	0.0	0.0	0.0	0.0
4.883333333333345	0.0	0.0	0.0	0.0
4.900000000000012	0.0	0.0	0.0	0.0
4.9166666666666785	0.0	0.0	0.0	0.0
4.933333333333346	0.0	0.0	0.0	0.0
4.950000000000012	0.0	0.0	0.0	0.0
4.966666666666679	0.0	0.0	0.0	0.0
4.983333333333346	0.0	0.0	0.0	0.0
5.000000000000012	0.0	0.0	0.0	0.0
5.016666666666679	0.0	0.0	0.0	0.0
5.033333333333346	0.0	0.0	0.0	0.0
5.050000000000012	0.0	0.0	0.0	0.0
5.066666666666679	0.0	0.0	0.0	0.0
5.083333333333346	0.0	0.0	0.0	0.0
5.100000000000013	0.0	0.0	0.0	0.0
5.11666666666668	0.0	0.0	0.0	0.0
5.133333333333346	0.0	0.0	0.0	0.0
5.150000000000013	0.0	0.0	0.0	0.0
5.166666666666679	0.0	0.0	0.0	0.0
5.183333333333346	0.0	0.0	0.0	0.0
5.2000000000000135	0.0	0.0	0.0	0.0
5.21666666666668	0.0	0.0	0.0	0.0
5.233333333333347	0.0	0.0	0.0	0.0
5.250000000000013	0.0	0.0	0.0	0.0
5.26666666666668	0.0	0.0	0.0	0.0
5.2833333333333465	0.0	0.0	0.0	0.0
5.300000000000013	0.0	0.0	0.0	0.0
5.31666666666668	0.0	0.0	0.0	0.0
5.333333333333346	0.0	0.0	0.0	0.0
5.350000000000014	0.0	0.0	0.0	0.0
5.3666666666666805	0.0	0.0	0.0	0.0
5.383333333333347	0.0	0.0	0.0	0.0
5.400000000000014	0.0	0.0	0.0	0.0
5.41666666666668	0.0	0.0	0.0	0.0
5.433333333333347	0.0	0.0	0.0	0.0
5.4500000000000135	0.0	0.0	0.0	0.0
5.466666666666681	0.0	0.0	0.0	0.0
5.483333333333348	0.0	0.0	0.0	0.0
5.500000000000014	0.0	0.0	0.0	0.0
5.516666666666681	0.0	0.0	0.0	0.0
5.533333333333347	0.0	0.0	0.0	0.0
5.550000000000014	0.0	0.0	0.0	0.0
5.566666666666681	0.0	0.0	0.0	0.0
5.583333333333347	0.0	0.0	0.0	0.0
5.600000000000014	0.0	0.0	0.0	0.0
5.616666666666681	0.0	0.0	0.0	0.0
5.633333333333348	0.0	0.0	0.0	0.0
5.650000000000015	0.0	0.0	0.0	0.0
5.666666666666681	0.0	0.0	0.0	0.0
5.683333333333348	0.0	0.0	0.0	0.0
5.700000000000014	0.0	0.0	0.0	0.0
5.716666666666681	0.0	0.0	0.0	0.0
5.7333333333333485	0.0	0.0	0.0	0.0
5.750000000000015	0.0	0.0	0.0	0.0
5.766666666666682	0.0	0.0	0.0	0.0
5.783333333333348	0.0	0.0	0.0	0.0
5.800000000000015	0.0	0.0	0.0	0.0
5.8166666666666815	0.0	0.0	0.0	0.0
5.833333333333348	0.0	0.0	0.0	0.0
5.850000000000015	0.0	0.0	0.0	0.0
5.866666666666681	0.0	0.0	0.0	0.0
5.883333333333349	0.0	0.0	0.0	0.0
5.9000000000000155	0.0	0.0	0.0	0.0
5.916666666666682	0.0	0.0	0.0	0.0
5.933333333333349	0.0	0.0	0.0	0.0
5.950000000000015	0.0	0.0	0.0	0.0
5.966666666666682	0.0	0.0	0.0	0.0
5.9833333333333485	0.0	0.0	0.0	0.0
6.000000000000016	0.0	0.0	0.0	0.0
6.016666666666683	0.0	0.0	0.0	0.0
6.033333333333349	0.0	0.0	0.0	0.0
6.050000000000016	0.0	0.0	0.0	0.0
6.066666666666682	0.0	0.0	0.0	0.0
6.083333333333349	0.0	0.0	0.0	0.0
6.100000000000016	0.0	0.0	0.0	0.0
6.116666666666682	0.0	0.0	0.0	0.0
6.133333333333349	0.0	0.0	0.0	0.0
6.150000000000016	0.0	0.0	0.0	0.0
6.166666666666683	0.0	0.0	0.0	0.0
6.18333333333335	0.0	0.0	0.0	0.0
6.200000000000016	0.0	0.0	0.0	0.0
6.216666666666683	0.0	0.0	0.0	0.0
6.233333333333349	0.0	0.0	0.0	0.0
6.250000000000016	0.0	0.0	0.0	0.0
6.2666666666666835	0.0	0.0	0.0	0.0
6.28333333333335	0.0	0.0	0.0	0.0
6.300000000000017	0.0	0.0	0.0	0.0
6.316666666666683	0.0	0.0	0.0	0.0
6.33333333333335	0.0	0.0	0.0	0.0
6.3500000000000165	0.0	0.0	0.0	0.0
6.366666666666683	0.0	0.0	0.0	0.0
6.38333333333335	0.0	0.0	0.0	0.0
6.400000000000016	0.0	0.0	0.0	0.0
6.416666666666684	0.0	0.0	0.0	0.0
6.4333333333333504	0.0	0.0	0.0	0.0
6.450000000000017	0.0	0.0	0.0	0.0
6.466666666666684	0.0	0.0	0.0	0.0
6.48333333333335	0.0	0.0	0.0	0.0
6.500000000000017	0.0	0.0	0.0	0.0
6.5166666666666835	0.0	0.0	0.0	0.0
6.533333333333351	0.0	0.0	0.0	0.0
6.550000000000018	0.0	0.0	0.0	0.0
6.566666666666684	0.0	0.0	0.0	0.0
6.583333333333351	0.0	0.0	0.0	0.0
6.600000000000017	0.0	0.0	0.0	0.0
6.616666666666684	0.0	0.0	0.0	0.0
6.633333333333351	0.0	0.0	0.0	0.0
6.650000000000017	0.0	0.0	0.0	0.0
6.666666666666684	0.0	0.0	0.0	0.0
6.683333333333351	0.0	0.0	0.0	0.0
6.700000000000018	0.0	0.0	0.0	0.0
6.7166666666666845	0.0	0.0	0.0	0.0
6.733333333333351	0.0	0.0	0.0	0.0
6.750000000000018	0.0	0.0	0.0	0.0
6.766666666666684	0.0	0.0	0.0	0.0
6.783333333333351	0.0	0.0	0.0	0.0
6.8000000000000185	0.0	0.0	0.0	0.0
6.816666666666685	0.0	0.0	0.0	0.0
6.833333333333352	0.0	0.0	0.0	0.0
6.850000000000018	0.0	0.0	0.0	0.0
6.866666666666685	0.0	0.0	0.0	0.0
6.8833333333333515	0.0	0.0	0.0	0.0
6.900000000000018	0.0	0.0	0.0	0.0
6.916666666666685	0.0	0.0	0.0	0.0
6.933333333333351	0.0	0.0	0.0	0.0
6.950000000000019	0.0	0.0	0.0	0.0
6.966666666666685	0.0	0.0	0.0	0.0
6.983333333333352	0.0	0.0	0.0	0.0
7.000000000000019	0.0	0.0	0.0	0.0
7.016666666666685	0.0	0.0	0.0	0.0
7.033333333333352	0.0	0.0	0.0	0.0
7.0500000000000185	0.0	0.0	0.0	0.0
7.066666666666686	0.0	0.0	0.0	0.0
7.083333333333353	0.0	0.0	0.0	0.0
7.100000000000019	0.0	0.0	0.0	0.0
7.116666666666686	0.0	0.0	0.0	0.0
7.133333333333352	0.0	0.0	0.0	0.0
7.150000000000019	0.0	0.0	0.0	0.0
7.166666666666686	0.0	0.0	0.0	0.0
7.183333333333352	0.0	0.0	0.0	0.0
7.200000000000019	0.0	0.0	0.0	0.0
7.216666666666686	0.0	0.0	0.0	0.0
7.233333333333353	0.0	0.0	0.0	0.0
7.2500000000000195	0.0	0.0	0.0	0.0
7.266666666666686	0.0	0.0	0.0	0.0
7.283333333333353	0.0	0.0	0.0	0.0
7.300000000000019	0.0	0.0	0.0	0.0
7.316666666666686	0.0	0.0	0.0	0.0
7.3333333333333535	0.0	0.0	0.0	0.0
7.35000000000002	0.0	0.0	0.0	0.0
7.366666666666687	0.0	0.0	0.0	0.0
7.383333333333353	0.0	0.0	0.0	0.0
7.40000000000002	0.0	0.0	0.0	0.0
7.4166666666666865	0.0	0.0	0.0	0.0
7.433333333333353	0.0	0.0	0.0	0.0
7.45000000000002	0.0	0.0	0.0	0.0
7.466666666666686	0.0	0.0	0.0	0.0
7.483333333333354	0.0	0.0	0.0	0.0
7.50000000000002	0.0	0.0	0.0	0.0
7.516666666666687	0.0	0.0	0.0	0.0
7.533333333333354	0.0	0.0	0.0	0.0
7.55000000000002	0.0	0.0	0.0	0.0
7.566666666666687	0.0	0.0	0.0	0.0
7.5833333333333535	0.0	0.0	0.0	0.0
7.600000000000021	0.0	0.0	0.0	0.0
7.616666666666688	0.0	0.0	0.0	0.0
7.633333333333354	0.0	0.0	0.0	0.0
7.650000000000021	0.0	0.0	0.0	0.0
7.666666666666687	0.0	0.0	0.0	0.0
7.683333333333354	0.0	0.0	0.0	0.0
7.700000000000021	0.0	0.0	0.0	0.0
7.716666666666687	0.0	0.0	0.0	0.0
7.733333333333354	0.0	0.0	0.0	0.0
7.750000000000021	0.0	0.0	0.0	0.0
7.766666666666688	0.0	0.0	0.0	0.0
7.7833333333333545	0.0	0.0	0.0	0.0
7.800000000000021	0.0	0.0	0.0	0.0
7.816666666666688	0.0	0.0	0.0	0.0
7.833333333333354	0.0	0.0	0.0	0.0
7.850000000000021	0.0	0.0	0.0	0.0
7.8666666666666885	0.0	0.0	0.0	0.0
7.883333333333355	0.0	0.0	0.0	0.0
7.900000000000022	0.0	0.0	0.0	0.0
7.916666666666688	0.0	0.0	0.0	0.0
7.933333333333355	0.0	0.0	0.0	0.0
7.9500000000000215	0.0	0.0	0.0	0.0
7.966666666666688	0.0	0.0	0.0	0.0
7.983333333333355	0.0	0.0	0.0	0.0
8.000000000000021	0.0	0.0	0.0	0.0
8.016666666666689	0.0	0.0	0.0	0.0
8.033333333333356	0.0	0.0	0.0	0.0
8.050000000000022	0.0	0.0	0.0	0.0
8.066666666666688	0.0	0.0	0.0	0.0
8.083333333333355	0.0	0.0	0.0	0.0
8.100000000000023	0.0	0.0	0.0	0.0
8.116666666666688	0.0	0.0	0.0	0.0
8.133333333333356	0.0	0.0	0.0	0.0
8.150000000000023	0.0	0.0	0.0	0.0
8.16666666666669	0.0	0.0	0.0	0.0
8.183333333333355	0.0	0.0	0.0	0.0
8.200000000000022	0.0	0.0	0.0	0.0
8.21666666666669	0.0	0.0	0.0	0.0
8.233333333333356	0.0	0.0	0.0	0.0
8.250000000000021	0.0	0.0	0.0	0.0
8.266666666666689	0.0	0.0	0.0	0.0
8.283333333333356	0.0	0.0	0.0	0.0
8.300000000000022	0.0	0.0	0.0	0.0
8.31666666666669	0.0	0.0	0.0	0.0
8.333333333333357	0.0	0.0	0.0	0.0
8.350000000000023	0.0	0.0	0.0	0.0
8.366666666666688	0.0	0.0	0.0	0.0
8.383333333333356	0.0	0.0	0.0	0.0
8.400000000000023	0.0	0.0	0.0	0.0
8.41666666666669	0.5843750000000001	0.0	0.5843750000000001	0.0
8.433333333333357	0.5843750000000001	0.0	0.5843750000000001	0.0
8.450000000000024	0.5843750000000001	0.0	0.5843750000000001	0.0
8.46666666666669	0.5843750000000001	0.0	0.5843750000000001	0.0
8.483333333333356	0.5843750000000001	0.0	0.5843750000000001	0.0
8.500000000000023	1.1687500000000002	0.5843750000000001	0.5843750000000001	0.0
8.51666666666669	1.1687500000000002	0.5843750000000001	0.5843750000000001	0.0
8.533333333333356	1.1687500000000002	0.5843750000000001	0.5843750000000001	0.0
8.550000000000024	1.1687500000000002	0.5843750000000001	0.5843750000000001	0.0
8.566666666666691	1.1687500000000002	0.5843750000000001	0.5843750000000001	0.0
8.583333333333357	1.7531250000000003	1.1687500000000002	0.5843750000000001	0.0
8.600000000000023	1.7531250000000003	1.1687500000000002	0.5843750000000001	0.0
8.61666666666669	1.7531250000000003	1.1687500000000002	0.5843750000000001	0.0
8.633333333333358	1.7531250000000003	1.1687500000000002	0.5843750000000001	0.0
8.650000000000023	1.7531250000000003	1.1687500000000002	0.5843750000000001	0.0
8.666666666666691	2.3375000000000004	1.7531250000000003	0.5843750000000001	0.0
8.683333333333358	2.3375000000000004	1.7531250000000003	0.5843750000000001	0.0
8.700000000000024	2.3375000000000004	1.7531250000000003	0.5843750000000001	0.0
8.71666666666669	2.3375000000000004	1.7531250000000003	0.5843750000000001	0.0
8.733333333333357	2.9218750000000004	2.3375000000000004	0.5843750000000001	0.0
8.750000000000025	2.9218750000000004	2.3375000000000004	0.5843750000000001	0.0
8.76666666666669	2.9218750000000004	2.3375000000000004	0.5843750000000001	0.0
8.783333333333356	2.9218750000000004	2.3375000000000004	0.5843750000000001	0.0
8.800000000000024	2.9218750000000004	2.3375000000000004	0.5843750000000001	0.0
8.816666666666691	3.5062500000000005	2.3375000000000004	0.5843750000000001	0.5843750000000001
8.833333333333357	3.5062500000000005	2.3375000000000004	0.5843750000000001	0.5843750000000001
8.850000000000025	3.5062500000000005	2.3375000000000004	0.5843750000000001	0.5843750000000001
8.866666666666692	3.5062500000000005	2.3375000000000004	0.5843750000000001	0.5843750000000001
8.883333333333358	3.5062500000000005	2.3375000000000004	0.5843750000000001	0.5843750000000001
8.900000000000023	4.090625000000001	2.3375000000000004	0.5843750000000001	1.1687500000000002
8.916666666666691	4.090625000000001	2.3375000000000004	0.5843750000000001	1.1687500000000002
8.933333333333358	4.090625000000001	2.3375000000000004	0.5843750000000001	1.1687500000000002
8.950000000000024	4.090625000000001	2.3375000000000004	0.5843750000000001	1.1687500000000002
8.966666666666692	4.090625000000001	2.3375000000000004	0.5843750000000001	1.1687500000000002
8.98333333333336	4.675000000000001	2.3375000000000004	0.5843750000000001	1.7531250000000003
9.000000000000025	4.675000000000001	2.3375000000000004	0.5843750000000001	1.7531250000000003
9.016666666666692	4.675000000000001	2.3375000000000004	0.5843750000000001	1.7531250000000003
9.033333333333358	4.675000000000001	2.3375000000000004	0.5843750000000001	1.7531250000000003
9.050000000000026	4.675000000000001	2.3375000000000004	0.5843750000000001	1.7531250000000003
9.066666666666691	5.259375	2.3375000000000004	0.5843750000000001	2.3375000000000004
9.083333333333359	5.259375	2.3375000000000004	0.5843750000000001	2.3375000000000004
9.100000000000025	5.259375	2.3375000000000004	0.5843750000000001	2.3375000000000004
9.116666666666692	5.259375	2.3375000000000004	0.5843750000000001	2.3375000000000004
9.133333333333358	5.84375	2.3375000000000004	0.5843750000000001	2.9218750000000004
9.150000000000025	5.84375	2.3375000000000004	0.5843750000000001	2.9218750000000004
9.166666666666693	5.84375	2.3375000000000004	0.5843750000000001	2.9218750000000004
9.183333333333358	5.84375	2.3375000000000004	0.5843750000000001	2.9218750000000004
9.200000000000026	5.84375	2.3375000000000004	0.5843750000000001	2.9218750000000004
9.216666666666692	6.428125	2.3375000000000004	0.5843750000000001	3.5062500000000005
9.23333333333336	6.428125	2.3375000000000004	0.5843750000000001	3.5062500000000005
9.250000000000025	6.428125	2.3375000000000004	0.5843750000000001	3.5062500000000005
9.266666666666692	6.428125	2.3375000000000004	0.5843750000000001	3.5062500000000005
9.28333333333336	6.428125	2.3375000000000004	0.5843750000000001	3.5062500000000005
9.300000000000026	7.012499999999999	2.3375000000000004	0.5843750000000001	4.090625000000001
9.316666666666693	7.012499999999999	2.3375000000000004	0.5843750000000001	4.090625000000001
9.333333333333359	7.012499999999999	2.3375000000000004	0.5843750000000001	4.090625000000001
9.350000000000026	7.012499999999999	2.3375000000000004	0.5843750000000001	4.090625000000001
9.366666666666692	7.596874999999999	2.3375000000000004	0.5843750000000001	4.675000000000001
9.38333333333336	7.596874999999999	2.3375000000000004	0.5843750000000001	4.675000000000001
9.400000000000027	7.596874999999999	2.3375000000000004	0.5843750000000001	4.675000000000001
9.416666666666693	7.596874999999999	2.3375000000000004	0.5843750000000001	4.675000000000001
9.43333333333336	7.596874999999999	2.3375000000000004	0.5843750000000001	4.675000000000001
9.450000000000026	8.181249999999999	2.3375000000000004	0.5843750000000001	5.259375
9.466666666666693	8.181249999999999	2.3375000000000004	0.5843750000000001	5.259375
9.48333333333336	8.181249999999999	2.3375000000000004	0.5843750000000001	5.259375
9.500000000000027	8.181249999999999	2.3375000000000004	0.5843750000000001	5.259375
9.516666666666692	8.181249999999999	2.3375000000000004	0.5843750000000001	5.259375
9.53333333333336	8.765624999999998	2.3375000000000004	0.5843750000000001	5.84375
9.550000000000027	8.765624999999998	2.3375000000000004	0.5843750000000001	5.84375
9.566666666666693	8.765624999999998	2.3375000000000004	0.5843750000000001	5.84375
9.58333333333336	8.765624999999998	2.3375000000000004	0.5843750000000001	5.84375
9.600000000000026	9.349999999999998	2.3375000000000004	0.5843750000000001	6.428125
9.616666666666694	9.349999999999998	2.3375000000000004	0.5843750000000001	6.428125
9.63333333333336	9.349999999999998	2.3375000000000004	0.5843750000000001	6.428125
9.650000000000027	9.349999999999998	2.3375000000000004	0.5843750000000001	6.428125
9.666666666666693	9.349999999999998	2.3375000000000004	0.5843750000000001	6.428125
9.68333333333336	9.934374999999998	2.3375000000000004	0.5843750000000001	7.012499999999999
9.700000000000028	9.934374999999998	2.3375000000000004	0.5843750000000001	7.012499999999999
9.716666666666693	9.934374999999998	2.3375000000000004	0.5843750000000001	7.012499999999999
9.733333333333361	9.934374999999998	2.3375000000000004	0.5843750000000001	7.012499999999999
9.750000000000027	9.934374999999998	2.3375000000000004	0.5843750000000001	7.012499999999999
9.766666666666694	10.518749999999997	2.3375000000000004	0.5843750000000001	7.596874999999999
9.78333333333336	10.518749999999997	2.3375000000000004	0.5843750000000001	7.596874999999999
9.800000000000027	10.518749999999997	2.3375000000000004	0.5843750000000001	7.596874999999999
9.816666666666695	10.518749999999997	2.3375000000000004	0.5843750000000001	7.596874999999999
9.83333333333336	10.518749999999997	2.3375000000000004	0.5843750000000001	7.596874999999999
9.850000000000028	11.103124999999997	2.3375000000000004	0.5843750000000001	8.181249999999999
9.866666666666694	11.103124999999997	2.3375000000000004	0.5843750000000001	8.181249999999999
9.883333333333361	11.103124999999997	2.3375000000000004	0.5843750000000001	8.181249999999999
9.900000000000027	11.103124999999997	2.3375000000000004	0.5843750000000001	8.181249999999999
9.916666666666694	11.103124999999997	2.3375000000000004	0.5843750000000001	8.181249999999999
9.933333333333362	11.687499999999996	2.3375000000000004	0.5843750000000001	8.765624999999998
9.950000000000028	11.687499999999996	2.3375000000000004	0.5843750000000001	8.765624999999998
9.966666666666695	11.687499999999996	2.3375000000000004	0.5843750000000001	8.765624999999998
9.983333333333361	11.687499999999996	2.3375000000000004	0.5843750000000001	8.765624999999998
10.000000000000028	11.687499999999996	2.3375000000000004	0.5843750000000001	8.765624999999998
10.016666666666694	12.271874999999996	2.3375000000000004	0.5843750000000001	9.349999999999998
10.033333333333362	12.271874999999996	2.3375000000000004	0.5843750000000001	9.349999999999998
10.050000000000027	12.271874999999996	2.3375000000000004	0.5843750000000001	9.349999999999998
10.066666666666695	12.271874999999996	2.3375000000000004	0.5843750000000001	9.349999999999998
10.083333333333362	12.271874999999996	2.3375000000000004	0.5843750000000001	9.349999999999998
10.100000000000028	12.856249999999996	2.3375000000000004	0.5843750000000001	9.934374999999998
10.116666666666696	12.856249999999996	2.3375000000000004	0.5843750000000001	9.934374999999998
10.133333333333361	12.856249999999996	2.3375000000000004	0.5843750000000001	9.934374999999998
10.150000000000029	12.856249999999996	2.3375000000000004	0.5843750000000001	9.934374999999998
10.166666666666694	12.856249999999996	2.3375000000000004	0.5843750000000001	9.934374999999998
10.183333333333362	13.440624999999995	2.3375000000000004	1.1687500000000002	9.934374999999998
10.200000000000028	13.440624999999995	2.3375000000000004	1.1687500000000002	9.934374999999998
10.216666666666695	13.440624999999995	2.3375000000000004	1.1687500000000002	9.934374999999998
10.233333333333363	13.440624999999995	2.3375000000000004	1.1687500000000002	9.934374999999998
10.250000000000028	13.440624999999995	2.3375000000000004	1.1687500000000002	9.934374999999998
10.266666666666696	14.024999999999995	2.3375000000000004	1.7531250000000003	9.934374999999998
10.283333333333362	14.024999999999995	2.3375000000000004	1.7531250000000003	9.934374999999998
10.30000000000003	14.024999999999995	2.3375000000000004	1.7531250000000003	9.934374999999998
10.316666666666695	14.024999999999995	2.3375000000000004	1.7531250000000003	9.934374999999998
10.333333333333362	14.609374999999995	2.3375000000000004	2.3375000000000004	9.934374999999998
10.35000000000003	14.609374999999995	2.3375000000000004	2.3375000000000004	9.934374999999998
10.366666666666696	14.609374999999995	2.3375000000000004	2.3375000000000004	9.934374999999998
10.383333333333363	14.609374999999995	2.3375000000000004	2.3375000000000004	9.934374999999998
10.400000000000029	14.609374999999995	2.3375000000000004	2.3375000000000004	9.934374999999998
10.416666666666696	15.193749999999994	2.3375000000000004	2.9218750000000004	9.934374999999998
10.433333333333362	15.193749999999994	2.3375000000000004	2.9218750000000004	9.934374999999998
10.45000000000003	15.193749999999994	2.3375000000000004	2.9218750000000004	9.934374999999998
10.466666666666697	15.193749999999994	2.3375000000000004	2.9218750000000004	9.934374999999998
10.483333333333363	15.193749999999994	2.3375000000000004	2.9218750000000004	9.934374999999998
10.50000000000003	15.778124999999994	2.3375000000000004	3.5062500000000005	9.934374999999998
10.516666666666696	15.778124999999994	2.3375000000000004	3.5062500000000005	9.934374999999998
10.533333333333363	15.778124999999994	2.3375000000000004	3.5062500000000005	9.934374999999998
10.55000000000003	15.778124999999994	2.3375000000000004	3.5062500000000005	9.934374999999998
10.566666666666697	15.778124999999994	2.3375000000000004	3.5062500000000005	9.934374999999998
10.583333333333362	16.362499999999994	2.3375000000000004	4.090625000000001	9.934374999999998
10.60000000000003	16.362499999999994	2.3375000000000004	4.090625000000001	9.934374999999998
10.616666666666697	16.362499999999994	2.3375000000000004	4.090625000000001	9.934374999999998
10.633333333333363	16.362499999999994	2.3375000000000004	4.090625000000001	9.934374999999998
10.65000000000003	16.362499999999994	2.3375000000000004	4.090625000000001	9.934374999999998
10.666666666666696	16.946874999999995	2.3375000000000004	4.675000000000001	9.934374999999998
10.683333333333364	16.946874999999995	2.3375000000000004	4.675000000000001	9.934374999999998
10.70000000000003	16.946874999999995	2.3375000000000004	4.675000000000001	9.934374999999998
10.716666666666697	16.946874999999995	2.3375000000000004	4.675000000000001	9.934374999999998
10.733333333333363	17.531249999999996	2.3375000000000004	5.259375	9.934374999999998
10.75000000000003	17.531249999999996	2.3375000000000004	5.259375	9.934374999999998
10.766666666666698	17.531249999999996	2.3375000000000004	5.259375	9.934374999999998
10.783333333333363	17.531249999999996	2.3375000000000004	5.259375	9.934374999999998
10.800000000000031	17.531249999999996	2.3375000000000004	5.259375	9.934374999999998
10.816666666666697	18.127779999999998	2.9340300000000004	5.259375	9.934374999999998
10.833333333333364	18.127779999999998	2.9340300000000004	5.259375	9.934374999999998
10.85000000000003	18.127779999999998	2.9340300000000004	5.259375	9.934374999999998
10.866666666666697	18.127779999999998	2.9340300000000004	5.259375	9.934374999999998
10.883333333333365	18.127779999999998	2.9340300000000004	5.259375	9.934374999999998
10.90000000000003	18.72431	3.5305600000000004	5.259375	9.934374999999998
10.916666666666698	18.72431	3.5305600000000004	5.259375	9.934374999999998
10.933333333333364	18.72431	3.5305600000000004	5.259375	9.934374999999998
10.950000000000031	18.72431	3.5305600000000004	5.259375	9.934374999999998
10.966666666666697	18.72431	3.5305600000000004	5.259375	9.934374999999998
10.983333333333364	19.32084	4.127090000000001	5.259375	9.934374999999998
11.000000000000032	19.32084	4.127090000000001	5.259375	9.934374999999998
11.016666666666698	19.32084	4.127090000000001	5.259375	9.934374999999998
11.033333333333365	19.32084	4.127090000000001	5.259375	9.934374999999998
11.050000000000031	19.32084	4.127090000000001	5.259375	9.934374999999998
11.066666666666698	19.917370000000002	4.72362	5.259375	9.934374999999998
11.083333333333364	19.917370000000002	4.72362	5.259375	9.934374999999998
11.100000000000032	19.917370000000002	4.72362	5.259375	9.934374999999998
11.116666666666697	19.917370000000002	4.72362	5.259375	9.934374999999998
11.133333333333365	19.917370000000002	4.72362	5.259375	9.934374999999998
11.150000000000032	20.513900000000003	4.72362	5.259375	10.530904999999997
11.166666666666698	20.513900000000003	4.72362	5.259375	10.530904999999997
11.183333333333366	20.513900000000003	4.72362	5.259375	10.530904999999997
11.200000000000031	20.513900000000003	4.72362	5.259375	10.530904999999997
11.216666666666699	20.513900000000003	4.72362	5.259375	10.530904999999997
11.233333333333364	21.110430000000004	4.72362	5.259375	11.127434999999997
11.250000000000032	21.110430000000004	4.72362	5.259375	11.127434999999997
11.266666666666698	21.110430000000004	4.72362	5.259375	11.127434999999997
11.283333333333365	21.110430000000004	4.72362	5.259375	11.127434999999997
11.300000000000033	21.110430000000004	4.72362	5.259375	11.127434999999997
11.316666666666698	21.706960000000006	4.72362	5.259375	11.723964999999996
11.333333333333366	21.706960000000006	4.72362	5.259375	11.723964999999996
11.350000000000032	21.706960000000006	4.72362	5.259375	11.723964999999996
11.3666666666667	21.706960000000006	4.72362	5.259375	11.723964999999996
11.383333333333365	21.706960000000006	4.72362	5.259375	11.723964999999996
11.400000000000032	22.303490000000007	4.72362	5.259375	12.320494999999996
11.4166666666667	22.303490000000007	4.72362	5.259375	12.320494999999996
11.433333333333366	22.303490000000007	4.72362	5.259375	12.320494999999996
11.450000000000033	22.303490000000007	4.72362	5.259375	12.320494999999996
11.466666666666699	22.303490000000007	4.72362	5.259375	12.320494999999996
11.483333333333366	22.90002000000001	4.72362	5.259375	12.917024999999995
11.500000000000032	22.90002000000001	4.72362	5.259375	12.917024999999995
11.5166666666667	22.90002000000001	4.72362	5.259375	12.917024999999995
11.533333333333367	22.90002000000001	4.72362	5.259375	12.917024999999995
11.550000000000033	22.90002000000001	4.72362	5.259375	12.917024999999995
11.5666666666667	23.49655000000001	4.72362	5.259375	13.513554999999995
11.583333333333366	23.49655000000001	4.72362	5.259375	13.513554999999995
11.600000000000033	23.49655000000001	4.72362	5.259375	13.513554999999995
11.6166666666667	23.49655000000001	4.72362	5.259375	13.513554999999995
11.633333333333367	24.09308000000001	4.72362	5.259375	14.110084999999994
11.650000000000032	24.09308000000001	4.72362	5.259375	14.110084999999994
11.6666666666667	24.09308000000001	4.72362	5.259375	14.110084999999994
11.683333333333367	24.09308000000001	4.72362	5.259375	14.110084999999994
11.700000000000033	24.09308000000001	4.72362	5.259375	14.110084999999994
11.7166666666667	24.689610000000012	4.72362	5.259375	14.706614999999994
11.733333333333366	24.689610000000012	4.72362	5.259375	14.706614999999994
11.750000000000034	24.689610000000012	4.72362	5.259375	14.706614999999994
11.7666666666667	24.689610000000012	4.72362	5.259375	14.706614999999994
11.783333333333367	24.689610000000012	4.72362	5.259375	14.706614999999994
11.800000000000033	25.286140000000014	4.72362	5.259375	15.303144999999994
11.8166666666667	25.286140000000014	4.72362	5.259375	15.303144999999994
11.833333333333368	25.286140000000014	4.72362	5.259375	15.303144999999994
11.850000000000033	25.286140000000014	4.72362	5.259375	15.303144999999994
11.866666666666701	25.286140000000014	4.72362	5.259375	15.303144999999994
11.883333333333367	25.882670000000015	4.72362	5.259375	15.899674999999993
11.900000000000034	25.882670000000015	4.72362	5.259375	15.899674999999993
11.9166666666667	25.882670000000015	4.72362	5.259375	15.899674999999993
11.933333333333367	25.882670000000015	4.72362	5.259375	15.899674999999993
11.950000000000035	25.882670000000015	4.72362	5.259375	15.899674999999993
11.9666666666667	26.479200000000017	4.72362	5.259375	16.496204999999993
11.983333333333368	26.479200000000017	4.72362	5.259375	16.496204999999993
12.000000000000034	26.479200000000017	4.72362	5.259375	16.496204999999993
12.016666666666701	26.479200000000017	4.72362	5.259375	16.496204999999993
12.033333333333367	26.479200000000017	4.72362	5.259375	16.496204999999993
12.050000000000034	27.075730000000018	4.72362	5.259375	17.092734999999994
12.066666666666702	27.075730000000018	4.72362	5.259375	17.092734999999994
12.083333333333368	27.075730000000018	4.72362	5.259375	17.092734999999994
12.100000000000035	27.075730000000018	4.72362	5.259375	17.092734999999994
12.116666666666701	27.67226000000002	4.72362	5.259375	17.689264999999995
12.133333333333368	27.67226000000002	4.72362	5.259375	17.689264999999995
12.150000000000034	27.67226000000002	4.72362	5.259375	17.689264999999995
12.166666666666702	27.67226000000002	4.72362	5.259375	17.689264999999995
12.183333333333367	27.67226000000002	4.72362	5.259375	17.689264999999995
12.200000000000035	28.26879000000002	4.72362	5.259375	18.285794999999997
12.216666666666702	28.26879000000002	4.72362	5.259375	18.285794999999997
12.233333333333368	28.26879000000002	4.72362	5.259375	18.285794999999997
12.250000000000036	28.26879000000002	4.72362	5.259375	18.285794999999997
12.266666666666701	28.26879000000002	4.72362	5.259375	18.285794999999997
12.283333333333369	28.865320000000022	4.72362	5.259375	18.882324999999998
12.300000000000034	28.865320000000022	4.72362	5.259375	18.882324999999998
12.316666666666702	28.865320000000022	4.72362	5.259375	18.882324999999998
12.333333333333368	28.865320000000022	4.72362	5.259375	18.882324999999998
12.350000000000035	28.865320000000022	4.72362	5.259375	18.882324999999998
12.366666666666703	29.461850000000023	4.72362	5.259375	19.478855
12.383333333333368	29.461850000000023	4.72362	5.259375	19.478855
12.400000000000036	29.461850000000023	4.72362	5.259375	19.478855
12.416666666666702	29.461850000000023	4.72362	5.259375	19.478855
12.433333333333369	29.461850000000023	4.72362	5.259375	19.478855
12.450000000000035	30.058380000000025	4.72362	5.259375	20.075385
12.466666666666702	30.058380000000025	4.72362	5.259375	20.075385
12.48333333333337	30.058380000000025	4.72362	5.259375	20.075385
12.500000000000036	30.058380000000025	4.72362	5.259375	20.075385
12.516666666666703	30.654910000000026	4.72362	5.855905	20.075385
12.533333333333369	30.654910000000026	4.72362	5.855905	20.075385
12.550000000000036	30.654910000000026	4.72362	5.855905	20.075385
12.566666666666702	30.654910000000026	4.72362	5.855905	20.075385
12.58333333333337	30.654910000000026	4.72362	5.855905	20.075385
12.600000000000037	31.251440000000027	4.72362	6.4524349999999995	20.075385
12.616666666666703	31.251440000000027	4.72362	6.4524349999999995	20.075385
12.63333333333337	31.251440000000027	4.72362	6.4524349999999995	20.075385
12.650000000000036	31.251440000000027	4.72362	6.4524349999999995	20.075385
12.666666666666703	31.251440000000027	4.72362	6.4524349999999995	20.075385
12.683333333333369	31.84797000000003	4.72362	7.048964999999999	20.075385
12.700000000000037	31.84797000000003	4.72362	7.048964999999999	20.075385
12.716666666666702	31.84797000000003	4.72362	7.048964999999999	20.075385
12.73333333333337	31.84797000000003	4.72362	7.048964999999999	20.075385
12.750000000000037	31.84797000000003	4.72362	7.048964999999999	20.075385
12.766666666666703	32.444500000000026	4.72362	7.645494999999999	20.075385
12.78333333333337	32.444500000000026	4.72362	7.645494999999999	20.075385
12.800000000000036	32.444500000000026	4.72362	7.645494999999999	20.075385
12.816666666666704	32.444500000000026	4.72362	7.645494999999999	20.075385
12.83333333333337	32.444500000000026	4.72362	7.645494999999999	20.075385
12.850000000000037	33.04103000000003	4.72362	8.242024999999998	20.075385
12.866666666666703	33.04103000000003	4.72362	8.242024999999998	20.075385
12.88333333333337	33.04103000000003	4.72362	8.242024999999998	20.075385
12.900000000000038	33.04103000000003	4.72362	8.242024999999998	20.075385
12.916666666666703	33.04103000000003	4.72362	8.242024999999998	20.075385
12.93333333333337	33.63756000000003	4.72362	8.838554999999998	20.075385
12.950000000000037	33.63756000000003	4.72362	8.838554999999998	20.075385
12.966666666666704	33.63756000000003	4.72362	8.838554999999998	20.075385
12.98333333333337	33.63756000000003	4.72362	8.838554999999998	20.075385
13.000000000000037	34.23409000000003	4.72362	9.435084999999997	20.075385
13.016666666666705	34.23409000000003	4.72362	9.435084999999997	20.075385
13.03333333333337	34.23409000000003	4.72362	9.435084999999997	20.075385
13.050000000000038	34.23409000000003	4.72362	9.435084999999997	20.075385
13.066666666666704	34.23409000000003	4.72362	9.435084999999997	20.075385
13.083333333333371	34.83062000000003	4.72362	10.031614999999997	20.075385
13.100000000000037	34.83062000000003	4.72362	10.031614999999997	20.075385
13.116666666666704	34.83062000000003	4.72362	10.031614999999997	20.075385
13.133333333333372	34.83062000000003	4.72362	10.031614999999997	20.075385
13.150000000000038	34.83062000000003	4.72362	10.031614999999997	20.075385
13.166666666666705	35.42715000000003	5.32015	10.031614999999997	20.075385
13.18333333333337	35.42715000000003	5.32015	10.031614999999997	20.075385
13.200000000000038	35.42715000000003	5.32015	10.031614999999997	20.075385
13.216666666666704	35.42715000000003	5.32015	10.031614999999997	20.075385
13.233333333333372	35.42715000000003	5.32015	10.031614999999997	20.075385
13.250000000000037	36.023680000000034	5.9166799999999995	10.031614999999997	20.075385
13.266666666666705	36.023680000000034	5.9166799999999995	10.031614999999997	20.075385
13.283333333333372	36.023680000000034	5.9166799999999995	10.031614999999997	20.075385
13.300000000000038	36.023680000000034	5.9166799999999995	10.031614999999997	20.075385
13.316666666666706	36.023680000000034	5.9166799999999995	10.031614999999997	20.075385
13.333333333333371	36.56691500000004	6.459915	10.031614999999997	20.075385
13.350000000000039	36.56691500000004	6.459915	10.031614999999997	20.075385
13.366666666666704	36.56691500000004	6.459915	10.031614999999997	20.075385
13.383333333333372	36.56691500000004	6.459915	10.031614999999997	20.075385
13.400000000000038	37.11015000000004	7.00315	10.031614999999997	20.075385
13.416666666666705	37.11015000000004	7.00315	10.031614999999997	20.075385
13.433333333333373	37.11015000000004	7.00315	10.031614999999997	20.075385
13.450000000000038	37.11015000000004	7.00315	10.031614999999997	20.075385
13.466666666666706	37.11015000000004	7.00315	10.031614999999997	20.075385
13.483333333333372	37.65338500000004	7.00315	10.031614999999997	20.61862
13.500000000000039	37.65338500000004	7.00315	10.031614999999997	20.61862
13.516666666666705	37.65338500000004	7.00315	10.031614999999997	20.61862
13.533333333333372	37.65338500000004	7.00315	10.031614999999997	20.61862
13.55000000000004	38.196620000000046	7.00315	10.031614999999997	21.161855
13.566666666666706	38.196620000000046	7.00315	10.031614999999997	21.161855
13.583333333333373	38.196620000000046	7.00315	10.031614999999997	21.161855
13.600000000000039	38.196620000000046	7.00315	10.031614999999997	21.161855
13.616666666666706	38.73985500000005	7.00315	10.031614999999997	21.70509
13.633333333333372	38.73985500000005	7.00315	10.031614999999997	21.70509
13.65000000000004	38.73985500000005	7.00315	10.031614999999997	21.70509
13.666666666666707	38.73985500000005	7.00315	10.031614999999997	21.70509
13.683333333333373	38.73985500000005	7.00315	10.031614999999997	21.70509
13.70000000000004	39.28309000000005	7.00315	10.031614999999997	22.248324999999998
13.716666666666706	39.28309000000005	7.00315	10.031614999999997	22.248324999999998
13.733333333333373	39.28309000000005	7.00315	10.031614999999997	22.248324999999998
13.750000000000039	39.28309000000005	7.00315	10.031614999999997	22.248324999999998
13.766666666666707	39.826325000000054	7.00315	10.031614999999997	22.791559999999997
13.783333333333372	39.826325000000054	7.00315	10.031614999999997	22.791559999999997
13.80000000000004	39.826325000000054	7.00315	10.031614999999997	22.791559999999997
13.816666666666707	39.826325000000054	7.00315	10.031614999999997	22.791559999999997
13.833333333333373	39.826325000000054	7.00315	10.031614999999997	22.791559999999997
13.85000000000004	40.36956000000006	7.00315	10.031614999999997	23.334794999999996
13.866666666666706	40.36956000000006	7.00315	10.031614999999997	23.334794999999996
13.883333333333374	40.36956000000006	7.00315	10.031614999999997	23.334794999999996
13.90000000000004	40.36956000000006	7.00315	10.031614999999997	23.334794999999996
13.916666666666707	40.36956000000006	7.00315	10.031614999999997	23.334794999999996
13.933333333333373	40.91279500000006	7.00315	10.031614999999997	23.878029999999995
13.95000000000004	40.91279500000006	7.00315	10.031614999999997	23.878029999999995
13.966666666666708	40.91279500000006	7.00315	10.031614999999997	23.878029999999995
13.983333333333373	40.91279500000006	7.00315	10.031614999999997	23.878029999999995
14.00000000000004	41.45603000000006	7.00315	10.031614999999997	24.421264999999995
14.016666666666707	41.45603000000006	7.00315	10.031614999999997	24.421264999999995
14.033333333333374	41.45603000000006	7.00315	10.031614999999997	24.421264999999995
14.05000000000004	41.45603000000006	7.00315	10.031614999999997	24.421264999999995
14.066666666666707	41.45603000000006	7.00315	10.031614999999997	24.421264999999995
14.083333333333375	41.999265000000065	7.00315	10.031614999999997	24.964499999999994
14.10000000000004	41.999265000000065	7.00315	10.031614999999997	24.964499999999994
14.116666666666708	41.999265000000065	7.00315	10.031614999999997	24.964499999999994
14.133333333333374	41.999265000000065	7.00315	10.031614999999997	24.964499999999994
14.150000000000041	42.54250000000007	7.00315	10.031614999999997	25.507734999999993
14.166666666666707	42.54250000000007	7.00315	10.031614999999997	25.507734999999993
14.183333333333374	42.54250000000007	7.00315	10.031614999999997	25.507734999999993
14.200000000000042	42.54250000000007	7.00315	10.031614999999997	25.507734999999993
14.216666666666708	43.08573500000007	7.00315	10.031614999999997	26.050969999999992
14.233333333333375	43.08573500000007	7.00315	10.031614999999997	26.050969999999992
14.25000000000004	43.08573500000007	7.00315	10.031614999999997	26.050969999999992
14.266666666666708	43.08573500000007	7.00315	10.031614999999997	26.050969999999992
14.283333333333374	43.08573500000007	7.00315	10.031614999999997	26.050969999999992
14.300000000000042	43.62897000000007	7.00315	10.031614999999997	26.59420499999999
14.316666666666707	43.62897000000007	7.00315	10.031614999999997	26.59420499999999
14.333333333333375	43.62897000000007	7.00315	10.031614999999997	26.59420499999999
14.350000000000042	43.62897000000007	7.00315	10.031614999999997	26.59420499999999
14.366666666666708	44.172205000000076	7.00315	10.031614999999997	27.13743999999999
14.383333333333375	44.172205000000076	7.00315	10.031614999999997	27.13743999999999
14.400000000000041	44.172205000000076	7.00315	10.031614999999997	27.13743999999999
14.416666666666709	44.172205000000076	7.00315	10.031614999999997	27.13743999999999
14.433333333333374	44.172205000000076	7.00315	10.031614999999997	27.13743999999999
14.450000000000042	44.71544000000008	7.00315	10.031614999999997	27.68067499999999
14.466666666666708	44.71544000000008	7.00315	10.031614999999997	27.68067499999999
14.483333333333375	44.71544000000008	7.00315	10.031614999999997	27.68067499999999
14.500000000000043	44.71544000000008	7.00315	10.031614999999997	27.68067499999999
14.516666666666708	45.25867500000008	7.00315	10.031614999999997	28.22390999999999
14.533333333333376	45.25867500000008	7.00315	10.031614999999997	28.22390999999999
14.550000000000042	45.25867500000008	7.00315	10.031614999999997	28.22390999999999
14.566666666666709	45.25867500000008	7.00315	10.031614999999997	28.22390999999999
14.583333333333375	45.801910000000085	7.00315	10.031614999999997	28.76714499999999
14.600000000000042	45.801910000000085	7.00315	10.031614999999997	28.76714499999999
14.61666666666671	45.801910000000085	7.00315	10.031614999999997	28.76714499999999
14.633333333333375	45.801910000000085	7.00315	10.031614999999997	28.76714499999999
14.650000000000043	46.34514500000009	7.00315	10.031614999999997	29.310379999999988
14.666666666666709	46.34514500000009	7.00315	10.031614999999997	29.310379999999988
14.683333333333376	46.34514500000009	7.00315	10.031614999999997	29.310379999999988
14.700000000000042	46.34514500000009	7.00315	10.031614999999997	29.310379999999988
14.71666666666671	46.34514500000009	7.00315	10.031614999999997	29.310379999999988
14.733333333333377	46.88838000000009	7.00315	10.031614999999997	29.853614999999987
14.750000000000043	46.88838000000009	7.00315	10.031614999999997	29.853614999999987
14.76666666666671	46.88838000000009	7.00315	10.031614999999997	29.853614999999987
14.783333333333376	47.43161500000009	7.00315	10.574849999999996	29.853614999999987
14.800000000000043	47.43161500000009	7.00315	10.574849999999996	29.853614999999987
14.816666666666709	47.43161500000009	7.00315	10.574849999999996	29.853614999999987
14.833333333333377	47.43161500000009	7.00315	10.574849999999996	29.853614999999987
14.850000000000042	47.974850000000096	7.00315	11.118084999999995	29.853614999999987
14.86666666666671	47.974850000000096	7.00315	11.118084999999995	29.853614999999987
14.883333333333377	47.974850000000096	7.00315	11.118084999999995	29.853614999999987
14.900000000000043	47.974850000000096	7.00315	11.118084999999995	29.853614999999987
14.91666666666671	48.5180850000001	7.00315	11.661319999999995	29.853614999999987
14.933333333333376	48.5180850000001	7.00315	11.661319999999995	29.853614999999987
14.950000000000044	48.5180850000001	7.00315	11.661319999999995	29.853614999999987
14.96666666666671	48.5180850000001	7.00315	11.661319999999995	29.853614999999987
14.983333333333377	49.0613200000001	7.00315	12.204554999999994	29.853614999999987
15.000000000000043	49.0613200000001	7.00315	12.204554999999994	29.853614999999987
15.01666666666671	49.0613200000001	7.00315	12.204554999999994	29.853614999999987
15.033333333333378	49.0613200000001	7.00315	12.204554999999994	29.853614999999987
15.050000000000043	49.604555000000104	7.00315	12.747789999999993	29.853614999999987
15.06666666666671	49.604555000000104	7.00315	12.747789999999993	29.853614999999987
15.083333333333377	49.604555000000104	7.00315	12.747789999999993	29.853614999999987
15.100000000000044	49.604555000000104	7.00315	12.747789999999993	29.853614999999987
15.11666666666671	50.14779000000011	7.00315	13.291024999999992	29.853614999999987
15.133333333333377	50.14779000000011	7.00315	13.291024999999992	29.853614999999987
15.150000000000045	50.14779000000011	7.00315	13.291024999999992	29.853614999999987
15.16666666666671	50.14779000000011	7.00315	13.291024999999992	29.853614999999987
15.183333333333378	50.69102500000011	7.00315	13.834259999999992	29.853614999999987
15.200000000000044	50.69102500000011	7.00315	13.834259999999992	29.853614999999987
15.216666666666711	50.69102500000011	7.00315	13.834259999999992	29.853614999999987
15.233333333333377	50.69102500000011	7.00315	13.834259999999992	29.853614999999987
15.250000000000044	51.23426000000011	7.546385	13.834259999999992	29.853614999999987
15.266666666666712	51.23426000000011	7.546385	13.834259999999992	29.853614999999987
15.283333333333378	51.23426000000011	7.546385	13.834259999999992	29.853614999999987
15.300000000000045	51.23426000000011	7.546385	13.834259999999992	29.853614999999987
15.31666666666671	51.777495000000116	8.08962	13.834259999999992	29.853614999999987
15.333333333333378	51.777495000000116	8.08962	13.834259999999992	29.853614999999987
15.350000000000044	51.777495000000116	8.08962	13.834259999999992	29.853614999999987
15.366666666666712	51.777495000000116	8.08962	13.834259999999992	29.853614999999987
15.383333333333377	52.32073000000012	8.632855	13.834259999999992	29.853614999999987
15.400000000000045	52.32073000000012	8.632855	13.834259999999992	29.853614999999987
15.416666666666712	52.32073000000012	8.632855	13.834259999999992	29.853614999999987
15.433333333333378	52.32073000000012	8.632855	13.834259999999992	29.853614999999987
15.450000000000045	52.83404500000012	9.14617	13.834259999999992	29.853614999999987
15.466666666666711	52.83404500000012	9.14617	13.834259999999992	29.853614999999987
15.483333333333379	52.83404500000012	9.14617	13.834259999999992	29.853614999999987
15.500000000000044	52.83404500000012	9.14617	13.834259999999992	29.853614999999987
15.516666666666712	53.347360000000116	9.14617	13.834259999999992	30.366929999999986
15.533333333333378	53.347360000000116	9.14617	13.834259999999992	30.366929999999986
15.550000000000045	53.347360000000116	9.14617	13.834259999999992	30.366929999999986
15.566666666666713	53.347360000000116	9.14617	13.834259999999992	30.366929999999986
15.583333333333378	53.860675000000114	9.14617	13.834259999999992	30.880244999999984
15.600000000000046	53.860675000000114	9.14617	13.834259999999992	30.880244999999984
15.616666666666712	53.860675000000114	9.14617	13.834259999999992	30.880244999999984
15.633333333333379	54.37399000000011	9.14617	13.834259999999992	31.393559999999983
15.650000000000045	54.37399000000011	9.14617	13.834259999999992	31.393559999999983
15.666666666666712	54.37399000000011	9.14617	13.834259999999992	31.393559999999983
15.68333333333338	54.37399000000011	9.14617	13.834259999999992	31.393559999999983
15.700000000000045	54.88730500000011	9.14617	13.834259999999992	31.90687499999998
15.716666666666713	54.88730500000011	9.14617	13.834259999999992	31.90687499999998
15.733333333333379	54.88730500000011	9.14617	13.834259999999992	31.90687499999998
15.750000000000046	54.88730500000011	9.14617	13.834259999999992	31.90687499999998
15.766666666666712	55.40062000000011	9.14617	13.834259999999992	32.420189999999984
15.78333333333338	55.40062000000011	9.14617	13.834259999999992	32.420189999999984
15.800000000000047	55.40062000000011	9.14617	13.834259999999992	32.420189999999984
15.816666666666713	55.91393500000011	9.14617	13.834259999999992	32.93350499999998
15.83333333333338	55.91393500000011	9.14617	13.834259999999992	32.93350499999998
15.850000000000046	55.91393500000011	9.14617	13.834259999999992	32.93350499999998
15.866666666666713	55.91393500000011	9.14617	13.834259999999992	32.93350499999998
15.883333333333379	56.42725000000011	9.14617	13.834259999999992	33.44681999999998
15.900000000000047	56.42725000000011	9.14617	13.834259999999992	33.44681999999998
15.916666666666712	56.42725000000011	9.14617	13.834259999999992	33.44681999999998
15.93333333333338	56.940565000000106	9.14617	13.834259999999992	33.96013499999998
15.950000000000047	56.940565000000106	9.14617	13.834259999999992	33.96013499999998
15.966666666666713	56.940565000000106	9.14617	13.834259999999992	33.96013499999998
15.98333333333338	57.453880000000105	9.14617	13.834259999999992	34.47344999999998
16.000000000000046	57.453880000000105	9.14617	13.834259999999992	34.47344999999998
16.016666666666715	57.453880000000105	9.14617	13.834259999999992	34.47344999999998
16.03333333333338	57.453880000000105	9.14617	13.834259999999992	34.47344999999998
16.050000000000047	57.9671950000001	9.14617	13.834259999999992	34.98676499999998
16.066666666666713	57.9671950000001	9.14617	13.834259999999992	34.98676499999998
16.08333333333338	57.9671950000001	9.14617	13.834259999999992	34.98676499999998
16.100000000000048	58.4805100000001	9.14617	13.834259999999992	35.500079999999976
16.116666666666713	58.4805100000001	9.14617	13.834259999999992	35.500079999999976
16.133333333333383	58.4805100000001	9.14617	13.834259999999992	35.500079999999976
16.15000000000005	58.4805100000001	9.14617	13.834259999999992	35.500079999999976
16.166666666666714	58.9938250000001	9.14617	13.834259999999992	36.013394999999974
16.18333333333338	58.9938250000001	9.14617	13.834259999999992	36.013394999999974
16.200000000000045	58.9938250000001	9.14617	13.834259999999992	36.013394999999974
16.216666666666715	59.5071400000001	9.14617	13.834259999999992	36.52670999999997
16.23333333333338	59.5071400000001	9.14617	13.834259999999992	36.52670999999997
16.25000000000005	59.5071400000001	9.14617	13.834259999999992	36.52670999999997
16.266666666666715	59.5071400000001	9.14617	13.834259999999992	36.52670999999997
16.28333333333338	60.0204550000001	9.14617	13.834259999999992	37.04002499999997
16.300000000000047	60.0204550000001	9.14617	13.834259999999992	37.04002499999997
16.316666666666713	60.0204550000001	9.14617	13.834259999999992	37.04002499999997
16.333333333333382	60.533770000000096	9.14617	13.834259999999992	37.55333999999997
16.350000000000048	60.533770000000096	9.14617	13.834259999999992	37.55333999999997
16.366666666666717	60.533770000000096	9.14617	13.834259999999992	37.55333999999997
16.383333333333383	61.047085000000095	9.14617	13.834259999999992	38.06665499999997
16.40000000000005	61.047085000000095	9.14617	13.834259999999992	38.06665499999997
16.416666666666714	61.047085000000095	9.14617	13.834259999999992	38.06665499999997
16.43333333333338	61.047085000000095	9.14617	13.834259999999992	38.06665499999997
16.450000000000045	61.560400000000094	9.14617	13.834259999999992	38.57996999999997
16.466666666666715	61.560400000000094	9.14617	13.834259999999992	38.57996999999997
16.483333333333384	61.560400000000094	9.14617	13.834259999999992	38.57996999999997
16.50000000000005	62.07371500000009	9.14617	13.834259999999992	39.093284999999966
16.516666666666715	62.07371500000009	9.14617	13.834259999999992	39.093284999999966
16.53333333333338	62.07371500000009	9.14617	13.834259999999992	39.093284999999966
16.550000000000047	62.58703000000009	9.14617	14.347574999999992	39.093284999999966
16.566666666666713	62.58703000000009	9.14617	14.347574999999992	39.093284999999966
16.583333333333382	62.58703000000009	9.14617	14.347574999999992	39.093284999999966
16.600000000000048	63.10034500000009	9.14617	14.860889999999992	39.093284999999966
16.616666666666717	63.10034500000009	9.14617	14.860889999999992	39.093284999999966
16.633333333333383	63.10034500000009	9.14617	14.860889999999992	39.093284999999966
16.65000000000005	63.10034500000009	9.14617	14.860889999999992	39.093284999999966
16.666666666666714	63.61366000000009	9.14617	15.374204999999993	39.093284999999966
16.68333333333338	63.61366000000009	9.14617	15.374204999999993	39.093284999999966
16.70000000000005	63.61366000000009	9.14617	15.374204999999993	39.093284999999966
16.716666666666715	64.12697500000009	9.14617	15.887519999999993	39.093284999999966
16.733333333333384	64.12697500000009	9.14617	15.887519999999993	39.093284999999966
16.75000000000005	64.12697500000009	9.14617	15.887519999999993	39.093284999999966
16.766666666666715	64.64029000000009	9.14617	16.400834999999994	39.093284999999966
16.78333333333338	64.64029000000009	9.14617	16.400834999999994	39.093284999999966
16.800000000000047	64.64029000000009	9.14617	16.400834999999994	39.093284999999966
16.816666666666716	65.1536050000001	9.14617	16.914149999999992	39.093284999999966
16.833333333333382	65.1536050000001	9.14617	16.914149999999992	39.093284999999966
16.85000000000005	65.6669200000001	9.14617	17.42746499999999	39.093284999999966
16.866666666666717	65.6669200000001	9.14617	17.42746499999999	39.093284999999966
16.883333333333383	65.6669200000001	9.14617	17.42746499999999	39.093284999999966
16.90000000000005	66.18023500000011	9.14617	17.94077999999999	39.093284999999966
16.916666666666714	66.18023500000011	9.14617	17.94077999999999	39.093284999999966
16.933333333333383	66.18023500000011	9.14617	17.94077999999999	39.093284999999966
16.95000000000005	66.69355000000012	9.659485	17.94077999999999	39.093284999999966
16.96666666666672	66.69355000000012	9.659485	17.94077999999999	39.093284999999966
16.983333333333384	66.69355000000012	9.659485	17.94077999999999	39.093284999999966
17.00000000000005	67.20686500000012	10.1728	17.94077999999999	39.093284999999966
17.016666666666715	67.20686500000012	10.1728	17.94077999999999	39.093284999999966
17.033333333333385	67.20686500000012	10.1728	17.94077999999999	39.093284999999966
17.05000000000005	67.72018000000013	10.686115000000001	17.94077999999999	39.093284999999966
17.066666666666716	67.72018000000013	10.686115000000001	17.94077999999999	39.093284999999966
17.083333333333382	67.72018000000013	10.686115000000001	17.94077999999999	39.093284999999966
17.10000000000005	67.72018000000013	10.686115000000001	17.94077999999999	39.093284999999966
17.116666666666717	67.72018000000013	10.686115000000001	17.94077999999999	39.093284999999966
17.133333333333383	67.72018000000013	10.686115000000001	17.94077999999999	39.093284999999966
17.150000000000052	67.13580500000012	10.686115000000001	17.35640499999999	39.093284999999966
17.166666666666718	67.13580500000012	10.686115000000001	17.35640499999999	39.093284999999966
17.183333333333383	67.13580500000012	10.686115000000001	17.35640499999999	39.093284999999966
17.20000000000005	66.55143000000011	10.101740000000001	17.35640499999999	39.093284999999966
17.21666666666672	66.55143000000011	10.101740000000001	17.35640499999999	39.093284999999966
17.233333333333384	66.55143000000011	10.101740000000001	17.35640499999999	39.093284999999966
17.25000000000005	65.9670550000001	9.517365000000002	17.35640499999999	39.093284999999966
17.266666666666715	65.9670550000001	9.517365000000002	17.35640499999999	39.093284999999966
17.283333333333385	65.3826800000001	8.932990000000002	17.35640499999999	39.093284999999966
17.30000000000005	65.3826800000001	8.932990000000002	17.35640499999999	39.093284999999966
17.316666666666716	65.3826800000001	8.932990000000002	17.35640499999999	39.093284999999966
17.333333333333385	64.79830500000008	8.348615000000002	17.35640499999999	39.093284999999966
17.35000000000005	64.79830500000008	8.348615000000002	17.35640499999999	39.093284999999966
17.366666666666717	64.79830500000008	8.348615000000002	17.35640499999999	39.093284999999966
17.383333333333383	64.21393000000008	8.348615000000002	17.35640499999999	38.508909999999965
17.400000000000052	64.21393000000008	8.348615000000002	17.35640499999999	38.508909999999965
17.416666666666718	63.62955500000007	8.348615000000002	17.35640499999999	37.92453499999996
17.433333333333383	63.62955500000007	8.348615000000002	17.35640499999999	37.92453499999996
17.450000000000053	63.62955500000007	8.348615000000002	17.35640499999999	37.92453499999996
17.46666666666672	63.045180000000066	8.348615000000002	17.35640499999999	37.34015999999996
17.483333333333384	63.045180000000066	8.348615000000002	17.35640499999999	37.34015999999996
17.50000000000005	63.045180000000066	8.348615000000002	17.35640499999999	37.34015999999996
17.51666666666672	62.46080500000006	8.348615000000002	17.35640499999999	36.75578499999996
17.533333333333385	62.46080500000006	8.348615000000002	17.35640499999999	36.75578499999996
17.55000000000005	61.876430000000056	8.348615000000002	17.35640499999999	36.17140999999996
17.56666666666672	61.876430000000056	8.348615000000002	17.35640499999999	36.17140999999996
17.583333333333385	61.876430000000056	8.348615000000002	17.35640499999999	36.17140999999996
17.60000000000005	61.29205500000005	8.348615000000002	17.35640499999999	35.58703499999996
17.616666666666717	61.29205500000005	8.348615000000002	17.35640499999999	35.58703499999996
17.633333333333386	61.29205500000005	8.348615000000002	17.35640499999999	35.58703499999996
17.650000000000052	60.707680000000046	8.348615000000002	17.35640499999999	35.002659999999956
17.666666666666718	60.12330500000004	8.348615000000002	17.35640499999999	34.418284999999955
17.683333333333387	60.12330500000004	8.348615000000002	17.35640499999999	34.418284999999955
17.700000000000053	60.12330500000004	8.348615000000002	17.35640499999999	34.418284999999955
17.71666666666672	59.538930000000036	8.348615000000002	17.35640499999999	33.83390999999996
17.733333333333384	59.538930000000036	8.348615000000002	17.35640499999999	33.83390999999996
17.750000000000053	59.538930000000036	8.348615000000002	17.35640499999999	33.83390999999996
17.76666666666672	58.95455500000003	8.348615000000002	17.35640499999999	33.24953499999996
17.783333333333385	58.95455500000003	8.348615000000002	17.35640499999999	33.24953499999996
17.800000000000054	58.370180000000026	8.348615000000002	17.35640499999999	32.66515999999996
17.81666666666672	58.370180000000026	8.348615000000002	17.35640499999999	32.66515999999996
17.833333333333385	58.370180000000026	8.348615000000002	17.35640499999999	32.66515999999996
17.85000000000005	57.78580500000002	8.348615000000002	17.35640499999999	32.080784999999956
17.86666666666672	57.78580500000002	8.348615000000002	17.35640499999999	32.080784999999956
17.883333333333386	57.78580500000002	8.348615000000002	17.35640499999999	32.080784999999956
17.900000000000052	57.201430000000016	8.348615000000002	17.35640499999999	31.49640999999996
17.916666666666718	57.201430000000016	8.348615000000002	17.35640499999999	31.49640999999996
17.933333333333387	56.61705500000001	8.348615000000002	17.35640499999999	30.912034999999957
17.950000000000053	56.61705500000001	8.348615000000002	17.35640499999999	30.912034999999957
17.96666666666672	56.61705500000001	8.348615000000002	17.35640499999999	30.912034999999957
17.983333333333388	56.03268	8.348615000000002	17.35640499999999	30.32765999999996
18.000000000000053	56.03268	8.348615000000002	17.35640499999999	30.32765999999996
18.01666666666672	56.03268	8.348615000000002	17.35640499999999	30.32765999999996
18.033333333333385	55.448305	8.348615000000002	17.35640499999999	29.743284999999958
18.050000000000054	55.448305	8.348615000000002	17.35640499999999	29.743284999999958
18.06666666666672	55.448305	8.348615000000002	17.35640499999999	29.743284999999958
18.083333333333385	54.863929999999996	8.348615000000002	17.35640499999999	29.15890999999996
18.100000000000055	54.863929999999996	8.348615000000002	17.35640499999999	29.15890999999996
18.11666666666672	54.27955499999999	8.348615000000002	16.772029999999994	29.15890999999996
18.133333333333386	54.27955499999999	8.348615000000002	16.772029999999994	29.15890999999996
18.150000000000052	54.27955499999999	8.348615000000002	16.772029999999994	29.15890999999996
18.16666666666672	53.695179999999986	8.348615000000002	16.187654999999996	29.15890999999996
18.183333333333387	53.695179999999986	8.348615000000002	16.187654999999996	29.15890999999996
18.200000000000053	53.695179999999986	8.348615000000002	16.187654999999996	29.15890999999996
18.216666666666722	53.11080499999998	8.348615000000002	15.603279999999996	29.15890999999996
18.233333333333388	53.11080499999998	8.348615000000002	15.603279999999996	29.15890999999996
18.250000000000053	53.11080499999998	8.348615000000002	15.603279999999996	29.15890999999996
18.26666666666672	52.526429999999976	8.348615000000002	15.018904999999998	29.15890999999996
18.28333333333339	52.526429999999976	8.348615000000002	15.018904999999998	29.15890999999996
18.300000000000054	51.94205499999997	8.348615000000002	14.434529999999999	29.15890999999996
18.31666666666672	51.94205499999997	8.348615000000002	14.434529999999999	29.15890999999996
18.333333333333385	51.94205499999997	8.348615000000002	14.434529999999999	29.15890999999996
18.350000000000055	51.35767999999997	8.348615000000002	13.850155	29.15890999999996
18.36666666666672	51.35767999999997	8.348615000000002	13.850155	29.15890999999996
18.383333333333386	51.35767999999997	8.348615000000002	13.850155	29.15890999999996
18.400000000000055	50.77330499999996	8.348615000000002	13.265780000000001	29.15890999999996
18.41666666666672	50.77330499999996	8.348615000000002	13.265780000000001	29.15890999999996
18.433333333333387	50.18892999999996	8.348615000000002	12.681405000000003	29.15890999999996
18.450000000000053	50.18892999999996	8.348615000000002	12.681405000000003	29.15890999999996
18.466666666666722	50.18892999999996	8.348615000000002	12.681405000000003	29.15890999999996
18.483333333333388	49.59239999999995	7.752085000000001	12.681405000000003	29.15890999999996
18.500000000000053	49.59239999999995	7.752085000000001	12.681405000000003	29.15890999999996
18.516666666666723	49.59239999999995	7.752085000000001	12.681405000000003	29.15890999999996
18.53333333333339	48.99586999999994	7.155555000000001	12.681405000000003	29.15890999999996
18.550000000000054	48.99586999999994	7.155555000000001	12.681405000000003	29.15890999999996
18.56666666666672	48.39933999999994	6.559025000000002	12.681405000000003	29.15890999999996
18.58333333333339	48.39933999999994	6.559025000000002	12.681405000000003	29.15890999999996
18.600000000000055	48.39933999999994	6.559025000000002	12.681405000000003	29.15890999999996
18.61666666666672	47.80280999999993	5.962495000000002	12.681405000000003	29.15890999999996
18.63333333333339	47.80280999999993	5.962495000000002	12.681405000000003	29.15890999999996
18.650000000000055	47.80280999999993	5.962495000000002	12.681405000000003	29.15890999999996
18.66666666666672	47.20627999999993	5.962495000000002	12.681405000000003	28.56237999999996
18.683333333333387	47.20627999999993	5.962495000000002	12.681405000000003	28.56237999999996
18.700000000000056	47.20627999999993	5.962495000000002	12.681405000000003	28.56237999999996
18.716666666666722	46.609749999999934	5.962495000000002	12.681405000000003	27.96584999999996
18.733333333333388	46.609749999999934	5.962495000000002	12.681405000000003	27.96584999999996
18.750000000000057	46.609749999999934	5.962495000000002	12.681405000000003	27.96584999999996
18.766666666666723	46.01321999999993	5.962495000000002	12.681405000000003	27.36931999999996
18.78333333333339	46.01321999999993	5.962495000000002	12.681405000000003	27.36931999999996
18.800000000000054	46.01321999999993	5.962495000000002	12.681405000000003	27.36931999999996
18.816666666666723	45.41668999999993	5.962495000000002	12.681405000000003	26.77278999999996
18.83333333333339	45.41668999999993	5.962495000000002	12.681405000000003	26.77278999999996
18.850000000000055	45.41668999999993	5.962495000000002	12.681405000000003	26.77278999999996
18.866666666666724	44.82015999999993	5.962495000000002	12.681405000000003	26.176259999999964
18.88333333333339	44.82015999999993	5.962495000000002	12.681405000000003	26.176259999999964
18.900000000000055	44.82015999999993	5.962495000000002	12.681405000000003	26.176259999999964
18.91666666666672	44.223629999999936	5.962495000000002	12.681405000000003	25.579729999999962
18.93333333333339	44.223629999999936	5.962495000000002	12.681405000000003	25.579729999999962
18.950000000000056	44.223629999999936	5.962495000000002	12.681405000000003	25.579729999999962
18.966666666666722	43.627099999999935	5.962495000000002	12.681405000000003	24.983199999999965
18.983333333333388	43.627099999999935	5.962495000000002	12.681405000000003	24.983199999999965
19.000000000000057	43.627099999999935	5.962495000000002	12.681405000000003	24.983199999999965
19.016666666666723	43.03056999999993	5.962495000000002	12.681405000000003	24.386669999999967
19.03333333333339	43.03056999999993	5.962495000000002	12.681405000000003	24.386669999999967
19.050000000000058	43.03056999999993	5.962495000000002	12.681405000000003	24.386669999999967
19.066666666666723	42.43403999999993	5.962495000000002	12.681405000000003	23.790139999999973
19.08333333333339	42.43403999999993	5.962495000000002	12.681405000000003	23.790139999999973
19.100000000000055	42.43403999999993	5.962495000000002	12.681405000000003	23.790139999999973
19.116666666666724	41.83750999999994	5.962495000000002	12.681405000000003	23.193609999999975
19.13333333333339	41.83750999999994	5.962495000000002	12.681405000000003	23.193609999999975
19.150000000000055	41.83750999999994	5.962495000000002	12.681405000000003	23.193609999999975
19.166666666666725	41.24097999999994	5.962495000000002	12.681405000000003	22.59707999999998
19.18333333333339	41.24097999999994	5.962495000000002	12.681405000000003	22.59707999999998
19.200000000000056	41.24097999999994	5.962495000000002	12.681405000000003	22.59707999999998
19.216666666666722	41.24097999999994	5.962495000000002	12.681405000000003	22.59707999999998
19.23333333333339	40.644449999999935	5.962495000000002	12.681405000000003	22.000549999999983
19.250000000000057	40.644449999999935	5.962495000000002	12.681405000000003	22.000549999999983
19.266666666666723	40.047919999999934	5.962495000000002	12.681405000000003	21.404019999999985
19.283333333333392	40.047919999999934	5.962495000000002	12.681405000000003	21.404019999999985
19.300000000000058	40.047919999999934	5.962495000000002	12.681405000000003	21.404019999999985
19.316666666666723	39.45138999999994	5.962495000000002	12.681405000000003	20.807489999999987
19.33333333333339	39.45138999999994	5.962495000000002	12.681405000000003	20.807489999999987
19.35000000000006	39.45138999999994	5.962495000000002	12.681405000000003	20.807489999999987
19.366666666666724	38.85485999999994	5.962495000000002	12.681405000000003	20.21095999999999
19.38333333333339	38.85485999999994	5.962495000000002	12.681405000000003	20.21095999999999
19.400000000000055	38.85485999999994	5.962495000000002	12.681405000000003	20.21095999999999
19.416666666666725	38.25832999999994	5.962495000000002	12.681405000000003	19.61442999999999
19.43333333333339	38.25832999999994	5.962495000000002	12.681405000000003	19.61442999999999
19.450000000000056	38.25832999999994	5.962495000000002	12.681405000000003	19.61442999999999
19.466666666666725	38.25832999999994	5.962495000000002	12.681405000000003	19.61442999999999
19.48333333333339	37.66179999999994	5.962495000000002	12.681405000000003	19.017899999999997
19.500000000000057	37.66179999999994	5.962495000000002	12.681405000000003	19.017899999999997
19.516666666666723	37.66179999999994	5.962495000000002	12.681405000000003	19.017899999999997
19.533333333333392	37.06526999999994	5.962495000000002	12.084875000000004	19.017899999999997
19.550000000000058	37.06526999999994	5.962495000000002	12.084875000000004	19.017899999999997
19.566666666666723	37.06526999999994	5.962495000000002	12.084875000000004	19.017899999999997
19.583333333333393	36.46873999999995	5.962495000000002	11.488345000000004	19.017899999999997
19.60000000000006	36.46873999999995	5.962495000000002	11.488345000000004	19.017899999999997
19.616666666666724	36.46873999999995	5.962495000000002	11.488345000000004	19.017899999999997
19.63333333333339	36.46873999999995	5.962495000000002	11.488345000000004	19.017899999999997
19.65000000000006	35.872209999999946	5.962495000000002	10.891815000000003	19.017899999999997
19.666666666666725	35.872209999999946	5.962495000000002	10.891815000000003	19.017899999999997
19.68333333333339	35.872209999999946	5.962495000000002	10.891815000000003	19.017899999999997
19.70000000000006	35.275679999999944	5.962495000000002	10.295285000000003	19.017899999999997
19.716666666666725	35.275679999999944	5.962495000000002	10.295285000000003	19.017899999999997
19.73333333333339	35.275679999999944	5.962495000000002	10.295285000000003	19.017899999999997
19.750000000000057	34.67914999999995	5.962495000000002	9.698755000000004	19.017899999999997
19.766666666666726	34.67914999999995	5.962495000000002	9.698755000000004	19.017899999999997
19.783333333333392	34.67914999999995	5.962495000000002	9.698755000000004	19.017899999999997
19.800000000000058	34.67914999999995	5.962495000000002	9.698755000000004	19.017899999999997
19.816666666666727	34.08261999999995	5.962495000000002	9.102225000000004	19.017899999999997
19.833333333333393	34.08261999999995	5.962495000000002	9.102225000000004	19.017899999999997
19.85000000000006	34.08261999999995	5.962495000000002	9.102225000000004	19.017899999999997
19.866666666666724	33.48608999999995	5.962495000000002	8.505695000000003	19.017899999999997
19.883333333333393	33.48608999999995	5.962495000000002	8.505695000000003	19.017899999999997
19.90000000000006	33.48608999999995	5.962495000000002	8.505695000000003	19.017899999999997
19.916666666666725	33.48608999999995	5.962495000000002	8.505695000000003	19.017899999999997
19.933333333333394	32.88955999999995	5.962495000000002	7.909165000000003	19.017899999999997
19.95000000000006	32.88955999999995	5.962495000000002	7.909165000000003	19.017899999999997
19.966666666666725	32.88955999999995	5.962495000000002	7.909165000000003	19.017899999999997
19.98333333333339	32.29302999999995	5.365965000000001	7.909165000000003	19.017899999999997
20.00000000000006	32.29302999999995	5.365965000000001	7.909165000000003	19.017899999999997
20.016666666666726	32.29302999999995	5.365965000000001	7.909165000000003	19.017899999999997
20.033333333333392	32.29302999999995	5.365965000000001	7.909165000000003	19.017899999999997
20.050000000000058	31.69649999999995	4.769435	7.909165000000003	19.017899999999997
20.066666666666727	31.69649999999995	4.769435	7.909165000000003	19.017899999999997
20.083333333333393	31.69649999999995	4.769435	7.909165000000003	19.017899999999997
20.10000000000006	31.69649999999995	4.769435	7.909165000000003	19.017899999999997
20.116666666666728	31.15326499999995	4.2262	7.909165000000003	19.017899999999997
20.133333333333393	31.15326499999995	4.2262	7.909165000000003	19.017899999999997
20.15000000000006	31.15326499999995	4.2262	7.909165000000003	19.017899999999997
20.166666666666725	30.610029999999952	3.682965	7.909165000000003	19.017899999999997
20.183333333333394	30.610029999999952	3.682965	7.909165000000003	19.017899999999997
20.20000000000006	30.610029999999952	3.682965	7.909165000000003	19.017899999999997
20.216666666666725	30.610029999999952	3.682965	7.909165000000003	19.017899999999997
20.233333333333395	30.066794999999956	3.682965	7.909165000000003	18.474664999999998
20.25000000000006	30.066794999999956	3.682965	7.909165000000003	18.474664999999998
20.266666666666726	30.066794999999956	3.682965	7.909165000000003	18.474664999999998
20.283333333333392	29.523559999999957	3.682965	7.909165000000003	17.931430000000002
20.30000000000006	29.523559999999957	3.682965	7.909165000000003	17.931430000000002
20.316666666666727	29.523559999999957	3.682965	7.909165000000003	17.931430000000002
20.333333333333393	28.98032499999996	3.682965	7.909165000000003	17.388195000000003
20.350000000000062	28.98032499999996	3.682965	7.909165000000003	17.388195000000003
20.366666666666728	28.98032499999996	3.682965	7.909165000000003	17.388195000000003
20.383333333333393	28.98032499999996	3.682965	7.909165000000003	17.388195000000003
20.40000000000006	28.437089999999962	3.682965	7.909165000000003	16.844960000000004
20.41666666666673	28.437089999999962	3.682965	7.909165000000003	16.844960000000004
20.433333333333394	28.437089999999962	3.682965	7.909165000000003	16.844960000000004
20.45000000000006	28.437089999999962	3.682965	7.909165000000003	16.844960000000004
20.466666666666725	27.893854999999967	3.682965	7.909165000000003	16.30172500000001
20.483333333333395	27.893854999999967	3.682965	7.909165000000003	16.30172500000001
20.50000000000006	27.893854999999967	3.682965	7.909165000000003	16.30172500000001
20.516666666666726	27.893854999999967	3.682965	7.909165000000003	16.30172500000001
20.533333333333395	27.350619999999967	3.682965	7.909165000000003	15.758490000000007
20.55000000000006	27.350619999999967	3.682965	7.909165000000003	15.758490000000007
20.566666666666727	27.350619999999967	3.682965	7.909165000000003	15.758490000000007
20.583333333333393	27.350619999999967	3.682965	7.909165000000003	15.758490000000007
20.600000000000062	26.80738499999997	3.682965	7.909165000000003	15.215255000000008
20.616666666666728	26.80738499999997	3.682965	7.909165000000003	15.215255000000008
20.633333333333393	26.80738499999997	3.682965	7.909165000000003	15.215255000000008
20.650000000000063	26.264149999999976	3.682965	7.909165000000003	14.672020000000007
20.66666666666673	26.264149999999976	3.682965	7.909165000000003	14.672020000000007
20.683333333333394	26.264149999999976	3.682965	7.909165000000003	14.672020000000007
20.70000000000006	26.264149999999976	3.682965	7.909165000000003	14.672020000000007
20.71666666666673	25.720914999999977	3.682965	7.909165000000003	14.128785000000008
20.733333333333395	25.720914999999977	3.682965	7.909165000000003	14.128785000000008
20.75000000000006	25.720914999999977	3.682965	7.909165000000003	14.128785000000008
20.76666666666673	25.720914999999977	3.682965	7.909165000000003	14.128785000000008
20.783333333333395	25.17767999999998	3.682965	7.909165000000003	13.585550000000007
20.80000000000006	25.17767999999998	3.682965	7.909165000000003	13.585550000000007
20.816666666666727	25.17767999999998	3.682965	7.909165000000003	13.585550000000007
20.833333333333396	25.17767999999998	3.682965	7.909165000000003	13.585550000000007
20.850000000000062	24.63444499999998	3.682965	7.909165000000003	13.042315000000007
20.866666666666728	24.63444499999998	3.682965	7.909165000000003	13.042315000000007
20.883333333333397	24.63444499999998	3.682965	7.909165000000003	13.042315000000007
20.900000000000063	24.63444499999998	3.682965	7.909165000000003	13.042315000000007
20.91666666666673	24.091209999999986	3.682965	7.909165000000003	12.499080000000006
20.933333333333394	24.091209999999986	3.682965	7.909165000000003	12.499080000000006
20.950000000000063	24.091209999999986	3.682965	7.909165000000003	12.499080000000006
20.96666666666673	24.091209999999986	3.682965	7.909165000000003	12.499080000000006
20.983333333333395	23.547974999999987	3.682965	7.909165000000003	11.955845000000005
21.000000000000064	23.547974999999987	3.682965	7.909165000000003	11.955845000000005
21.01666666666673	23.547974999999987	3.682965	7.909165000000003	11.955845000000005
21.033333333333395	23.547974999999987	3.682965	7.909165000000003	11.955845000000005
21.05000000000006	23.004739999999988	3.682965	7.909165000000003	11.412610000000006
21.06666666666673	23.004739999999988	3.682965	7.909165000000003	11.412610000000006
21.083333333333396	23.004739999999988	3.682965	7.909165000000003	11.412610000000006
21.100000000000062	23.004739999999988	3.682965	7.909165000000003	11.412610000000006
21.116666666666728	23.004739999999988	3.682965	7.909165000000003	11.412610000000006
21.133333333333397	22.461504999999992	3.682965	7.909165000000003	10.869375000000005
21.150000000000063	22.461504999999992	3.682965	7.909165000000003	10.869375000000005
21.16666666666673	22.461504999999992	3.682965	7.909165000000003	10.869375000000005
21.183333333333398	22.461504999999992	3.682965	7.909165000000003	10.869375000000005
21.200000000000063	21.918269999999993	3.682965	7.909165000000003	10.326140000000004
21.21666666666673	21.918269999999993	3.682965	7.909165000000003	10.326140000000004
21.233333333333395	21.918269999999993	3.682965	7.909165000000003	10.326140000000004
21.250000000000064	21.918269999999993	3.682965	7.909165000000003	10.326140000000004
21.26666666666673	21.375034999999993	3.682965	7.909165000000003	9.782905000000005
21.283333333333395	21.375034999999993	3.682965	7.909165000000003	9.782905000000005
21.300000000000065	21.375034999999993	3.682965	7.909165000000003	9.782905000000005
21.31666666666673	21.375034999999993	3.682965	7.909165000000003	9.782905000000005
21.333333333333396	20.831799999999994	3.682965	7.909165000000003	9.239670000000004
21.350000000000062	20.831799999999994	3.682965	7.909165000000003	9.239670000000004
21.36666666666673	20.831799999999994	3.682965	7.909165000000003	9.239670000000004
21.383333333333397	20.288565	3.682965	7.365930000000002	9.239670000000004
21.400000000000063	20.288565	3.682965	7.365930000000002	9.239670000000004
21.416666666666732	20.288565	3.682965	7.365930000000002	9.239670000000004
21.433333333333398	20.288565	3.682965	7.365930000000002	9.239670000000004
21.450000000000063	20.288565	3.682965	7.365930000000002	9.239670000000004
21.46666666666673	19.74533	3.682965	6.822695000000001	9.239670000000004
21.4833333333334	19.74533	3.682965	6.822695000000001	9.239670000000004
21.500000000000064	19.74533	3.682965	6.822695000000001	9.239670000000004
21.51666666666673	19.74533	3.682965	6.822695000000001	9.239670000000004
21.533333333333395	19.202095	3.682965	6.279460000000002	9.239670000000004
21.550000000000065	19.202095	3.682965	6.279460000000002	9.239670000000004
21.56666666666673	19.202095	3.682965	6.279460000000002	9.239670000000004
21.583333333333396	19.202095	3.682965	6.279460000000002	9.239670000000004
21.600000000000065	18.65886	3.682965	5.736225000000001	9.239670000000004
21.61666666666673	18.65886	3.682965	5.736225000000001	9.239670000000004
21.633333333333397	18.65886	3.682965	5.736225000000001	9.239670000000004
21.650000000000063	18.65886	3.682965	5.736225000000001	9.239670000000004
21.666666666666732	18.65886	3.682965	5.736225000000001	9.239670000000004
21.683333333333398	18.115625	3.682965	5.19299	9.239670000000004
21.700000000000063	18.115625	3.682965	5.19299	9.239670000000004
21.716666666666733	18.115625	3.682965	5.19299	9.239670000000004
21.7333333333334	18.115625	3.682965	5.19299	9.239670000000004
21.750000000000064	17.572390000000006	3.682965	4.649755000000001	9.239670000000004
21.76666666666673	17.572390000000006	3.682965	4.649755000000001	9.239670000000004
21.7833333333334	17.572390000000006	3.682965	4.649755000000001	9.239670000000004
21.800000000000065	17.572390000000006	3.682965	4.649755000000001	9.239670000000004
21.81666666666673	17.572390000000006	3.682965	4.649755000000001	9.239670000000004
21.8333333333334	17.029155000000006	3.682965	4.10652	9.239670000000004
21.850000000000065	17.029155000000006	3.682965	4.10652	9.239670000000004
21.86666666666673	17.029155000000006	3.682965	4.10652	9.239670000000004
21.883333333333397	17.029155000000006	3.682965	4.10652	9.239670000000004
21.900000000000066	16.485920000000007	3.13973	4.10652	9.239670000000004
21.916666666666732	16.485920000000007	3.13973	4.10652	9.239670000000004
21.933333333333398	16.485920000000007	3.13973	4.10652	9.239670000000004
21.950000000000067	16.485920000000007	3.13973	4.10652	9.239670000000004
21.966666666666733	15.94268500000001	2.596495	4.10652	9.239670000000004
21.9833333333334	15.94268500000001	2.596495	4.10652	9.239670000000004
22.000000000000064	15.94268500000001	2.596495	4.10652	9.239670000000004
22.016666666666733	15.94268500000001	2.596495	4.10652	9.239670000000004
22.0333333333334	15.94268500000001	2.596495	4.10652	9.239670000000004
22.050000000000065	15.399450000000009	2.05326	4.10652	9.239670000000004
22.066666666666734	15.399450000000009	2.05326	4.10652	9.239670000000004
22.0833333333334	15.399450000000009	2.05326	4.10652	9.239670000000004
22.100000000000065	15.399450000000009	2.05326	4.10652	9.239670000000004
22.11666666666673	14.886135000000008	1.539945	4.10652	9.239670000000004
22.1333333333334	14.886135000000008	1.539945	4.10652	9.239670000000004
22.150000000000066	14.886135000000008	1.539945	4.10652	9.239670000000004
22.166666666666732	14.886135000000008	1.539945	4.10652	9.239670000000004
22.183333333333398	14.886135000000008	1.539945	4.10652	9.239670000000004
22.200000000000067	14.372820000000008	1.539945	4.10652	8.726355000000003
22.216666666666733	14.372820000000008	1.539945	4.10652	8.726355000000003
22.2333333333334	14.372820000000008	1.539945	4.10652	8.726355000000003
22.250000000000068	14.372820000000008	1.539945	4.10652	8.726355000000003
22.266666666666733	14.372820000000008	1.539945	4.10652	8.726355000000003
22.2833333333334	13.859505000000008	1.539945	4.10652	8.213040000000003
22.300000000000065	13.859505000000008	1.539945	4.10652	8.213040000000003
22.316666666666734	13.859505000000008	1.539945	4.10652	8.213040000000003
22.3333333333334	13.859505000000008	1.539945	4.10652	8.213040000000003
22.350000000000065	13.346190000000007	1.539945	4.10652	7.699725000000003
22.366666666666735	13.346190000000007	1.539945	4.10652	7.699725000000003
22.3833333333334	13.346190000000007	1.539945	4.10652	7.699725000000003
22.400000000000066	13.346190000000007	1.539945	4.10652	7.699725000000003
22.416666666666732	13.346190000000007	1.539945	4.10652	7.699725000000003
22.4333333333334	12.832875000000007	1.539945	4.10652	7.186410000000002
22.450000000000067	12.832875000000007	1.539945	4.10652	7.186410000000002
22.466666666666733	12.832875000000007	1.539945	4.10652	7.186410000000002
22.483333333333402	12.832875000000007	1.539945	4.10652	7.186410000000002
22.500000000000068	12.319560000000006	1.539945	4.10652	6.673095000000002
22.516666666666733	12.319560000000006	1.539945	4.10652	6.673095000000002
22.5333333333334	12.319560000000006	1.539945	4.10652	6.673095000000002
22.550000000000068	12.319560000000006	1.539945	4.10652	6.673095000000002
22.566666666666734	12.319560000000006	1.539945	4.10652	6.673095000000002
22.5833333333334	11.806245000000006	1.539945	4.10652	6.159780000000001
22.600000000000065	11.806245000000006	1.539945	4.10652	6.159780000000001
22.616666666666735	11.806245000000006	1.539945	4.10652	6.159780000000001
22.6333333333334	11.806245000000006	1.539945	4.10652	6.159780000000001
22.650000000000066	11.806245000000006	1.539945	4.10652	6.159780000000001
22.666666666666735	11.292930000000005	1.539945	4.10652	5.646465000000001
22.6833333333334	11.292930000000005	1.539945	4.10652	5.646465000000001
22.700000000000067	11.292930000000005	1.539945	4.10652	5.646465000000001
22.716666666666733	11.292930000000005	1.539945	4.10652	5.646465000000001
22.733333333333402	10.779615000000005	1.539945	4.10652	5.1331500000000005
22.750000000000068	10.779615000000005	1.539945	4.10652	5.1331500000000005
22.766666666666733	10.779615000000005	1.539945	4.10652	5.1331500000000005
22.783333333333402	10.779615000000005	1.539945	4.619835	4.619835
22.800000000000068	10.266300000000005	1.539945	4.619835	4.10652
22.816666666666734	10.266300000000005	1.539945	4.619835	4.10652
22.8333333333334	10.266300000000005	1.539945	4.619835	4.10652
22.85000000000007	10.266300000000005	1.539945	4.619835	4.10652
22.866666666666735	10.266300000000005	1.539945	4.619835	4.10652
22.8833333333334	9.752985000000004	1.539945	4.619835	3.5932049999999998
22.90000000000007	9.752985000000004	1.539945	4.619835	3.5932049999999998
22.916666666666735	9.752985000000004	1.539945	4.619835	3.5932049999999998
22.9333333333334	9.752985000000004	1.539945	4.619835	3.5932049999999998
22.950000000000067	9.752985000000004	1.539945	4.619835	3.5932049999999998
22.966666666666736	9.239670000000004	1.539945	4.619835	3.07989
22.983333333333402	9.239670000000004	1.539945	4.619835	3.07989
23.000000000000068	9.239670000000004	1.539945	4.619835	3.07989
23.016666666666737	9.239670000000004	1.539945	4.619835	3.07989
23.033333333333402	8.726355000000003	1.539945	4.619835	2.566575
23.050000000000068	8.726355000000003	1.539945	4.619835	2.566575
23.066666666666734	8.726355000000003	1.539945	4.619835	2.566575
23.083333333333403	8.726355000000003	1.539945	4.619835	2.566575
23.10000000000007	8.726355000000003	1.539945	4.619835	2.566575
23.116666666666735	8.213040000000003	1.539945	4.619835	2.05326
23.133333333333404	8.213040000000003	1.539945	4.619835	2.05326
23.15000000000007	8.213040000000003	1.539945	4.619835	2.05326
23.166666666666735	8.213040000000003	1.539945	4.619835	2.05326
23.1833333333334	8.213040000000003	1.539945	4.619835	2.05326
23.20000000000007	7.699725000000003	1.539945	4.619835	1.539945
23.216666666666736	7.699725000000003	1.539945	4.619835	1.539945
23.233333333333402	7.699725000000003	1.539945	4.619835	1.539945
23.250000000000068	7.699725000000003	1.539945	4.619835	1.539945
23.266666666666737	7.699725000000003	1.539945	4.619835	1.539945
23.283333333333402	7.186410000000002	1.539945	4.619835	1.02663
23.300000000000068	7.186410000000002	1.539945	4.619835	1.02663
23.316666666666737	7.186410000000002	1.539945	4.619835	1.02663
23.333333333333403	7.186410000000002	1.539945	4.619835	1.02663
23.35000000000007	7.186410000000002	1.539945	4.619835	1.02663
23.366666666666735	6.673095000000002	1.539945	4.10652	1.02663
23.383333333333404	6.673095000000002	1.539945	4.10652	1.02663
23.40000000000007	6.673095000000002	1.539945	4.10652	1.02663
23.416666666666735	6.673095000000002	1.539945	4.10652	1.02663
23.433333333333405	6.159780000000001	1.539945	4.10652	0.513315
23.45000000000007	6.159780000000001	1.539945	4.10652	0.513315
23.466666666666736	6.159780000000001	1.539945	4.10652	0.513315
23.483333333333402	6.159780000000001	1.539945	4.10652	0.513315
23.50000000000007	6.159780000000001	1.539945	4.10652	0.513315
23.516666666666737	5.646465000000001	1.539945	4.10652	0.0
23.533333333333402	5.646465000000001	1.539945	4.10652	0.0
23.55000000000007	5.646465000000001	1.539945	4.10652	0.0
23.566666666666737	5.646465000000001	1.539945	4.10652	0.0
23.583333333333403	5.646465000000001	1.539945	4.10652	0.0
23.60000000000007	5.1331500000000005	1.539945	3.5932049999999998	0.0
23.616666666666738	5.1331500000000005	1.539945	3.5932049999999998	0.0
23.633333333333404	5.1331500000000005	1.539945	3.5932049999999998	0.0
23.65000000000007	5.1331500000000005	1.539945	3.5932049999999998	0.0
23.666666666666735	5.1331500000000005	1.539945	3.5932049999999998	0.0
23.683333333333405	4.619835	1.539945	3.07989	0.0
23.70000000000007	4.619835	1.539945	3.07989	0.0
23.716666666666736	4.619835	1.539945	3.07989	0.0
23.733333333333405	4.619835	1.539945	3.07989	0.0
23.75000000000007	4.619835	1.539945	3.07989	0.0
23.766666666666737	4.10652	1.539945	2.566575	0.0
23.783333333333402	4.10652	1.539945	2.566575	0.0
23.80000000000007	4.10652	1.539945	2.566575	0.0
23.816666666666737	4.10652	1.539945	2.566575	0.0
23.833333333333403	4.10652	1.539945	2.566575	0.0
23.850000000000072	3.5932049999999998	1.539945	2.05326	0.0
23.866666666666738	3.5932049999999998	1.539945	2.05326	0.0
23.883333333333404	3.5932049999999998	1.539945	2.05326	0.0
23.90000000000007	3.5932049999999998	1.539945	2.05326	0.0
23.91666666666674	3.5932049999999998	1.539945	2.05326	0.0
23.933333333333405	3.07989	1.539945	1.539945	0.0
23.95000000000007	3.07989	1.539945	1.539945	0.0
23.96666666666674	3.07989	1.539945	1.539945	0.0
23.983333333333405	3.07989	1.539945	1.539945	0.0
24.00000000000007	3.07989	1.539945	1.539945	0.0
24.016666666666737	2.566575	1.539945	1.02663	0.0
24.033333333333406	2.566575	1.539945	1.02663	0.0
24.05000000000007	2.566575	1.539945	1.02663	0.0
24.066666666666737	2.05326	1.539945	0.513315	0.0
24.083333333333407	2.05326	1.539945	0.513315	0.0
24.100000000000072	2.05326	1.539945	0.513315	0.0
24.116666666666738	2.05326	1.539945	0.513315	0.0
24.133333333333404	2.05326	1.539945	0.513315	0.0
24.150000000000073	1.539945	1.539945	0.0	0.0
24.16666666666674	1.539945	1.539945	0.0	0.0
24.183333333333405	1.539945	1.539945	0.0	0.0
24.200000000000074	1.539945	1.539945	0.0	0.0
24.21666666666674	1.539945	1.539945	0.0	0.0
24.233333333333405	1.02663	1.02663	0.0	0.0
24.25000000000007	1.02663	1.02663	0.0	0.0
24.26666666666674	1.02663	1.02663	0.0	0.0
24.283333333333406	1.02663	1.02663	0.0	0.0
24.30000000000007	1.02663	1.02663	0.0	0.0
24.316666666666737	0.513315	0.513315	0.0	0.0
24.333333333333407	0.513315	0.513315	0.0	0.0
24.350000000000072	0.513315	0.513315	0.0	0.0
24.366666666666738	0.513315	0.513315	0.0	0.0
24.383333333333407	0.513315	0.513315	0.0	0.0
24.400000000000073	0.0	0.0	0.0	0.0
24.41666666666674	0.0	0.0	0.0	0.0
24.433333333333405	0.0	0.0	0.0	0.0
24.450000000000074	0.0	0.0	0.0	0.0
24.46666666666674	0.0	0.0	0.0	0.0
24.483333333333405	0.0	0.0	0.0	0.0
24.500000000000075	0.0	0.0	0.0	0.0
24.51666666666674	0.0	0.0	0.0	0.0
24.533333333333406	0.0	0.0	0.0	0.0
24.55000000000007	0.0	0.0	0.0	0.0
24.56666666666674	0.0	0.0	0.0	0.0
24.583333333333407	0.0	0.0	0.0	0.0
24.600000000000072	0.0	0.0	0.0	0.0
24.61666666666674	0.0	0.0	0.0	0.0
24.633333333333407	0.0	0.0	0.0	0.0
24.650000000000073	0.0	0.0	0.0	0.0
24.66666666666674	0.0	0.0	0.0	0.0
24.683333333333408	0.0	0.0	0.0	0.0
24.700000000000074	0.0	0.0	0.0	0.0
24.71666666666674	0.0	0.0	0.0	0.0
24.733333333333405	0.0	0.0	0.0	0.0
24.750000000000075	0.0	0.0	0.0	0.0
24.76666666666674	0.0	0.0	0.0	0.0
24.783333333333406	0.0	0.0	0.0	0.0
24.800000000000075	0.0	0.0	0.0	0.0
24.81666666666674	0.0	0.0	0.0	0.0
24.833333333333407	0.0	0.0	0.0	0.0
24.850000000000072	0.0	0.0	0.0	0.0
24.86666666666674	0.0	0.0	0.0	0.0
24.883333333333407	0.0	0.0	0.0	0.0
24.900000000000073	0.0	0.0	0.0	0.0
24.916666666666742	0.0	0.0	0.0	0.0
24.933333333333408	0.0	0.0	0.0	0.0
24.950000000000074	0.0	0.0	0.0	0.0
24.96666666666674	0.0	0.0	0.0	0.0
24.98333333333341	0.0	0.0	0.0	0.0
25.000000000000075	0.0	0.0	0.0	0.0
25.01666666666674	0.0	0.0	0.0	0.0
25.03333333333341	0.0	0.0	0.0	0.0
25.050000000000075	0.0	0.0	0.0	0.0
25.06666666666674	0.0	0.0	0.0	0.0
25.083333333333407	0.0	0.0	0.0	0.0
25.100000000000076	0.0	0.0	0.0	0.0
25.11666666666674	0.0	0.0	0.0	0.0
25.133333333333407	0.0	0.0	0.0	0.0
25.150000000000077	0.0	0.0	0.0	0.0
25.166666666666742	0.0	0.0	0.0	0.0
25.183333333333408	0.0	0.0	0.0	0.0
25.200000000000074	0.0	0.0	0.0	0.0
25.216666666666743	0.0	0.0	0.0	0.0
25.23333333333341	0.0	0.0	0.0	0.0
25.250000000000075	0.0	0.0	0.0	0.0
25.266666666666744	0.0	0.0	0.0	0.0
25.28333333333341	0.0	0.0	0.0	0.0
25.300000000000075	0.0	0.0	0.0	0.0
25.31666666666674	0.0	0.0	0.0	0.0
25.33333333333341	0.0	0.0	0.0	0.0
25.350000000000076	0.0	0.0	0.0	0.0
25.36666666666674	0.0	0.0	0.0	0.0
25.383333333333407	0.0	0.0	0.0	0.0
25.400000000000077	0.0	0.0	0.0	0.0
25.416666666666742	0.0	0.0	0.0	0.0
25.433333333333408	0.0	0.0	0.0	0.0
25.450000000000077	0.0	0.0	0.0	0.0
25.466666666666743	0.0	0.0	0.0	0.0
25.48333333333341	0.0	0.0	0.0	0.0
25.500000000000075	0.0	0.0	0.0	0.0
25.516666666666744	0.0	0.0	0.0	0.0
25.53333333333341	0.0	0.0	0.0	0.0
25.550000000000075	0.0	0.0	0.0	0.0
25.566666666666745	0.0	0.0	0.0	0.0
25.58333333333341	0.0	0.0	0.0	0.0
25.600000000000076	0.0	0.0	0.0	0.0
25.61666666666674	0.0	0.0	0.0	0.0
25.63333333333341	0.0	0.0	0.0	0.0
25.650000000000077	0.0	0.0	0.0	0.0
25.666666666666742	0.0	0.0	0.0	0.0
25.68333333333341	0.0	0.0	0.0	0.0
25.700000000000077	0.0	0.0	0.0	0.0
25.716666666666743	0.0	0.0	0.0	0.0
25.73333333333341	0.0	0.0	0.0	0.0
25.750000000000078	0.0	0.0	0.0	0.0
25.766666666666744	0.0	0.0	0.0	0.0
25.78333333333341	0.0	0.0	0.0	0.0
25.800000000000075	0.0	0.0	0.0	0.0
25.816666666666745	0.0	0.0	0.0	0.0
25.83333333333341	0.0	0.0	0.0	0.0
25.850000000000076	0.0	0.0	0.0	0.0
25.866666666666745	0.0	0.0	0.0	0.0
25.88333333333341	0.0	0.0	0.0	0.0
25.900000000000077	0.0	0.0	0.0	0.0
25.916666666666742	0.0	0.0	0.0	0.0
25.93333333333341	0.0	0.0	0.0	0.0
25.950000000000077	0.0	0.0	0.0	0.0
25.966666666666743	0.0	0.0	0.0	0.0
25.983333333333412	0.0	0.0	0.0	0.0
26.000000000000078	0.0	0.0	0.0	0.0
26.016666666666744	0.0	0.0	0.0	0.0
26.03333333333341	0.0	0.0	0.0	0.0
26.05000000000008	0.0	0.0	0.0	0.0
26.066666666666745	0.0	0.0	0.0	0.0
26.08333333333341	0.0	0.0	0.0	0.0
26.10000000000008	0.0	0.0	0.0	0.0
26.116666666666745	0.0	0.0	0.0	0.0
26.13333333333341	0.0	0.0	0.0	0.0
26.150000000000077	0.0	0.0	0.0	0.0
26.166666666666746	0.0	0.0	0.0	0.0
26.18333333333341	0.0	0.0	0.0	0.0
26.200000000000077	0.0	0.0	0.0	0.0
26.216666666666747	0.0	0.0	0.0	0.0
26.233333333333412	0.0	0.0	0.0	0.0
26.250000000000078	0.0	0.0	0.0	0.0
26.266666666666744	0.0	0.0	0.0	0.0
26.283333333333413	0.0	0.0	0.0	0.0
26.30000000000008	0.0	0.0	0.0	0.0
26.316666666666745	0.0	0.0	0.0	0.0
26.333333333333414	0.0	0.0	0.0	0.0
26.35000000000008	0.0	0.0	0.0	0.0
26.366666666666745	0.0	0.0	0.0	0.0
26.38333333333341	0.0	0.0	0.0	0.0
26.40000000000008	0.0	0.0	0.0	0.0
26.416666666666746	0.0	0.0	0.0	0.0
26.43333333333341	0.0	0.0	0.0	0.0
26.450000000000077	0.0	0.0	0.0	0.0
26.466666666666747	0.0	0.0	0.0	0.0
26.483333333333412	0.0	0.0	0.0	0.0
26.500000000000078	0.0	0.0	0.0	0.0
26.516666666666747	0.0	0.0	0.0	0.0
26.533333333333413	0.0	0.0	0.0	0.0
26.55000000000008	0.0	0.0	0.0	0.0
26.566666666666745	0.0	0.0	0.0	0.0
26.583333333333414	0.0	0.0	0.0	0.0
26.60000000000008	0.0	0.0	0.0	0.0
26.616666666666745	0.0	0.0	0.0	0.0
26.633333333333415	0.0	0.0	0.0	0.0
26.65000000000008	0.0	0.0	0.0	0.0
26.666666666666746	0.0	0.0	0.0	0.0
26.68333333333341	0.0	0.0	0.0	0.0
26.70000000000008	0.0	0.0	0.0	0.0
26.716666666666747	0.0	0.0	0.0	0.0
26.733333333333412	0.0	0.0	0.0	0.0
26.75000000000008	0.0	0.0	0.0	0.0
26.766666666666747	0.0	0.0	0.0	0.0
26.783333333333413	0.0	0.0	0.0	0.0
26.80000000000008	0.0	0.0	0.0	0.0
26.816666666666748	0.0	0.0	0.0	0.0
26.833333333333414	0.0	0.0	0.0	0.0
26.85000000000008	0.0	0.0	0.0	0.0
26.866666666666745	0.0	0.0	0.0	0.0
26.883333333333415	0.0	0.0	0.0	0.0
26.90000000000008	0.0	0.0	0.0	0.0
26.916666666666746	0.0	0.0	0.0	0.0
26.933333333333415	0.0	0.0	0.0	0.0
26.95000000000008	0.0	0.0	0.0	0.0
26.966666666666747	0.0	0.0	0.0	0.0
26.983333333333412	0.0	0.0	0.0	0.0
