LST	all	br	grey	dark
-2.1166666666666667	0.0	0.0	0.0	0.0
-2.1	0.0	0.0	0.0	0.0
-2.0833333333333335	0.0	0.0	0.0	0.0
-2.066666666666667	0.0	0.0	0.0	0.0
-2.05	0.0	0.0	0.0	0.0
-2.033333333333333	0.0	0.0	0.0	0.0
-2.0166666666666666	0.0	0.0	0.0	0.0
-2.0	0.0	0.0	0.0	0.0
-1.9833333333333334	0.0	0.0	0.0	0.0
-1.9666666666666668	0.0	0.0	0.0	0.0
-1.95	0.0	0.0	0.0	0.0
-1.9333333333333333	0.0	0.0	0.0	0.0
-1.9166666666666667	0.0	0.0	0.0	0.0
-1.9000000000000001	0.0	0.0	0.0	0.0
-1.8833333333333333	0.0	0.0	0.0	0.0
-1.8666666666666667	0.0	0.0	0.0	0.0
-1.85	0.0	0.0	0.0	0.0
-1.8333333333333335	0.0	0.0	0.0	0.0
-1.8166666666666667	0.0	0.0	0.0	0.0
-1.8	0.0	0.0	0.0	0.0
-1.7833333333333334	0.0	0.0	0.0	0.0
-1.7666666666666668	0.0	0.0	0.0	0.0
-1.75	0.0	0.0	0.0	0.0
-1.7333333333333334	0.0	0.0	0.0	0.0
-1.7166666666666668	0.0	0.0	0.0	0.0
-1.7000000000000002	0.0	0.0	0.0	0.0
-1.6833333333333336	0.0	0.0	0.0	0.0
-1.6666666666666667	0.0	0.0	0.0	0.0
-1.6500000000000001	0.0	0.0	0.0	0.0
-1.6333333333333333	0.0	0.0	0.0	0.0
-1.6166666666666667	0.0	0.0	0.0	0.0
-1.6	0.0	0.0	0.0	0.0
-1.5833333333333335	0.0	0.0	0.0	0.0
-1.5666666666666669	0.0	0.0	0.0	0.0
-1.5500000000000003	0.0	0.0	0.0	0.0
-1.5333333333333334	0.0	0.0	0.0	0.0
-1.5166666666666668	0.0	0.0	0.0	0.0
-1.5000000000000002	0.0	0.0	0.0	0.0
-1.4833333333333334	0.0	0.0	0.0	0.0
-1.4666666666666668	0.0	0.0	0.0	0.0
-1.4500000000000002	0.0	0.0	0.0	0.0
-1.4333333333333336	0.0	0.0	0.0	0.0
-1.416666666666667	0.0	0.0	0.0	0.0
-1.4000000000000001	0.0	0.0	0.0	0.0
-1.3833333333333335	0.0	0.0	0.0	0.0
-1.366666666666667	0.0	0.0	0.0	0.0
-1.35	0.0	0.0	0.0	0.0
-1.3333333333333335	0.0	0.0	0.0	0.0
-1.3166666666666669	0.0	0.0	0.0	0.0
-1.3000000000000003	0.0	0.0	0.0	0.0
-1.2833333333333337	0.0	0.0	0.0	0.0
-1.2666666666666668	0.0	0.0	0.0	0.0
-1.2500000000000002	0.0	0.0	0.0	0.0
-1.2333333333333336	0.0	0.0	0.0	0.0
-1.2166666666666668	0.0	0.0	0.0	0.0
-1.2000000000000002	0.0	0.0	0.0	0.0
-1.1833333333333336	0.0	0.0	0.0	0.0
-1.166666666666667	0.0	0.0	0.0	0.0
-1.1500000000000004	0.0	0.0	0.0	0.0
-1.1333333333333335	0.0	0.0	0.0	0.0
-1.116666666666667	0.0	0.0	0.0	0.0
-1.1000000000000003	0.0	0.0	0.0	0.0
-1.0833333333333335	0.0	0.0	0.0	0.0
-1.0666666666666669	0.0	0.0	0.0	0.0
-1.0500000000000003	0.0	0.0	0.0	0.0
-1.0333333333333337	0.0	0.0	0.0	0.0
-1.016666666666667	0.0	0.0	0.0	0.0
-1.0000000000000002	0.0	0.0	0.0	0.0
-0.9833333333333336	0.0	0.0	0.0	0.0
-0.966666666666667	0.0	0.0	0.0	0.0
-0.9500000000000002	0.0	0.0	0.0	0.0
-0.9333333333333336	0.0	0.0	0.0	0.0
-0.916666666666667	0.0	0.0	0.0	0.0
-0.9000000000000004	0.0	0.0	0.0	0.0
-0.8833333333333337	0.0	0.0	0.0	0.0
-0.8666666666666669	0.0	0.0	0.0	0.0
-0.8500000000000003	0.0	0.0	0.0	0.0
-0.8333333333333337	0.0	0.0	0.0	0.0
-0.8166666666666669	0.0	0.0	0.0	0.0
-0.8000000000000003	0.0	0.0	0.0	0.0
-0.7833333333333337	0.0	0.0	0.0	0.0
-0.766666666666667	0.0	0.0	0.0	0.0
-0.7500000000000004	0.0	0.0	0.0	0.0
-0.7333333333333336	0.0	0.0	0.0	0.0
-0.716666666666667	0.0	0.0	0.0	0.0
-0.7000000000000004	0.0	0.0	0.0	0.0
-0.6833333333333336	0.0	0.0	0.0	0.0
-0.666666666666667	0.0	0.0	0.0	0.0
-0.6500000000000004	0.0	0.0	0.0	0.0
-0.6333333333333337	0.0	0.0	0.0	0.0
-0.6166666666666671	0.0	0.0	0.0	0.0
-0.6000000000000003	0.0	0.0	0.0	0.0
-0.5833333333333337	0.0	0.0	0.0	0.0
-0.5666666666666671	0.0	0.0	0.0	0.0
-0.5500000000000003	0.0	0.0	0.0	0.0
-0.5333333333333337	0.0	0.0	0.0	0.0
-0.516666666666667	0.0	0.0	0.0	0.0
-0.5000000000000004	0.0	0.0	0.0	0.0
-0.48333333333333384	0.0	0.0	0.0	0.0
-0.466666666666667	0.0	0.0	0.0	0.0
-0.4500000000000004	0.0	0.0	0.0	0.0
-0.4333333333333338	0.0	0.0	0.0	0.0
-0.41666666666666696	0.0	0.0	0.0	0.0
-0.40000000000000036	0.0	0.0	0.0	0.0
-0.38333333333333375	0.0	0.0	0.0	0.0
-0.36666666666666714	0.0	0.0	0.0	0.0
-0.35000000000000053	0.0	0.0	0.0	0.0
-0.3333333333333337	0.0	0.0	0.0	0.0
-0.3166666666666671	0.0	0.0	0.0	0.0
-0.3000000000000005	0.0	0.0	0.0	0.0
-0.28333333333333366	0.0	0.0	0.0	0.0
-0.26666666666666705	0.0	0.0	0.0	0.0
-0.25000000000000044	0.0	0.0	0.0	0.0
-0.23333333333333384	0.0	0.0	0.0	0.0
-0.21666666666666723	0.0	0.0	0.0	0.0
-0.2000000000000004	0.0	0.0	0.0	0.0
-0.1833333333333338	0.0	0.0	0.0	0.0
-0.16666666666666718	0.0	0.0	0.0	0.0
-0.15000000000000036	0.0	0.0	0.0	0.0
-0.13333333333333375	0.0	0.0	0.0	0.0
-0.11666666666666714	0.0	0.0	0.0	0.0
-0.10000000000000053	0.0	0.0	0.0	0.0
-0.08333333333333393	0.0	0.0	0.0	0.0
-0.06666666666666732	0.0	0.0	0.0	0.0
-0.050000000000000266	0.0	0.0	0.0	0.0
-0.03333333333333366	0.0	0.0	0.0	0.0
-0.01666666666666705	0.0	0.0	0.0	0.0
-4.440892098500626e-16	0.0	0.0	0.0	0.0
0.016666666666666163	0.0	0.0	0.0	0.0
0.03333333333333277	0.0	0.0	0.0	0.0
0.04999999999999938	0.0	0.0	0.0	0.0
0.06666666666666599	0.0	0.0	0.0	0.0
0.0833333333333326	0.0	0.0	0.0	0.0
0.09999999999999964	0.0	0.0	0.0	0.0
0.11666666666666625	0.0	0.0	0.0	0.0
0.13333333333333286	0.0	0.0	0.0	0.0
0.14999999999999947	0.0	0.0	0.0	0.0
0.16666666666666607	0.0	0.0	0.0	0.0
0.18333333333333268	0.0	0.0	0.0	0.0
0.1999999999999993	0.0	0.0	0.0	0.0
0.21666666666666634	0.0	0.0	0.0	0.0
0.23333333333333295	0.0	0.0	0.0	0.0
0.24999999999999956	0.0	0.0	0.0	0.0
0.26666666666666616	0.0	0.0	0.0	0.0
0.28333333333333277	0.0	0.0	0.0	0.0
0.2999999999999994	0.0	0.0	0.0	0.0
0.316666666666666	0.0	0.0	0.0	0.0
0.3333333333333326	0.0	0.0	0.0	0.0
0.3499999999999992	0.0	0.0	0.0	0.0
0.36666666666666625	0.0	0.0	0.0	0.0
0.38333333333333286	0.0	0.0	0.0	0.0
0.39999999999999947	0.0	0.0	0.0	0.0
0.4166666666666661	0.0	0.0	0.0	0.0
0.4333333333333327	0.0	0.0	0.0	0.0
0.4499999999999993	0.0	0.0	0.0	0.0
0.4666666666666659	0.0	0.0	0.0	0.0
0.48333333333333295	0.0	0.0	0.0	0.0
0.49999999999999956	0.0	0.0	0.0	0.0
0.5166666666666662	0.0	0.0	0.0	0.0
0.5333333333333328	0.0	0.0	0.0	0.0
0.5499999999999994	0.0	0.0	0.0	0.0
0.566666666666666	0.0	0.0	0.0	0.0
0.5833333333333326	0.0	0.0	0.0	0.0
0.5999999999999992	0.0	0.0	0.0	0.0
0.6166666666666658	0.0	0.0	0.0	0.0
0.6333333333333329	0.0	0.0	0.0	0.0
0.6499999999999995	0.0	0.0	0.0	0.0
0.6666666666666661	0.0	0.0	0.0	0.0
0.6833333333333327	0.0	0.0	0.0	0.0
0.6999999999999993	0.0	0.0	0.0	0.0
0.7166666666666659	0.0	0.0	0.0	0.0
0.7333333333333325	0.0	0.0	0.0	0.0
0.7499999999999996	0.0	0.0	0.0	0.0
0.7666666666666662	0.0	0.0	0.0	0.0
0.7833333333333328	0.0	0.0	0.0	0.0
0.7999999999999994	0.0	0.0	0.0	0.0
0.816666666666666	0.0	0.0	0.0	0.0
0.8333333333333326	0.0	0.0	0.0	0.0
0.8499999999999992	0.0	0.0	0.0	0.0
0.8666666666666658	0.0	0.0	0.0	0.0
0.8833333333333324	0.0	0.0	0.0	0.0
0.8999999999999995	0.0	0.0	0.0	0.0
0.9166666666666661	0.0	0.0	0.0	0.0
0.9333333333333327	0.0	0.0	0.0	0.0
0.9499999999999993	0.0	0.0	0.0	0.0
0.9666666666666659	0.0	0.0	0.0	0.0
0.9833333333333325	0.0	0.0	0.0	0.0
0.9999999999999991	0.0	0.0	0.0	0.0
1.0166666666666662	0.0	0.0	0.0	0.0
1.0333333333333328	0.0	0.0	0.0	0.0
1.0499999999999994	0.0	0.0	0.0	0.0
1.066666666666666	0.0	0.0	0.0	0.0
1.0833333333333326	0.0	0.0	0.0	0.0
1.0999999999999992	0.0	0.0	0.0	0.0
1.1166666666666658	0.0	0.0	0.0	0.0
1.1333333333333324	0.0	0.0	0.0	0.0
1.149999999999999	0.0	0.0	0.0	0.0
1.166666666666666	0.0	0.0	0.0	0.0
1.1833333333333327	0.0	0.0	0.0	0.0
1.1999999999999993	0.0	0.0	0.0	0.0
1.216666666666666	0.0	0.0	0.0	0.0
1.2333333333333325	0.0	0.0	0.0	0.0
1.2499999999999991	0.0	0.0	0.0	0.0
1.2666666666666657	0.0	0.0	0.0	0.0
1.2833333333333328	0.0	0.0	0.0	0.0
1.2999999999999994	0.0	0.0	0.0	0.0
1.316666666666666	0.0	0.0	0.0	0.0
1.3333333333333326	0.0	0.0	0.0	0.0
1.3499999999999992	0.0	0.0	0.0	0.0
1.3666666666666658	0.0	0.0	0.0	0.0
1.3833333333333324	0.0	0.0	0.0	0.0
1.399999999999999	0.0	0.0	0.0	0.0
1.4166666666666656	0.0	0.0	0.0	0.0
1.4333333333333327	0.0	0.0	0.0	0.0
1.4499999999999993	0.0	0.0	0.0	0.0
1.466666666666666	0.0	0.0	0.0	0.0
1.4833333333333325	0.0	0.0	0.0	0.0
1.4999999999999991	0.0	0.0	0.0	0.0
1.5166666666666657	0.0	0.0	0.0	0.0
1.5333333333333323	0.0	0.0	0.0	0.0
1.5499999999999994	0.0	0.0	0.0	0.0
1.566666666666666	0.0	0.0	0.0	0.0
1.5833333333333326	0.0	0.0	0.0	0.0
1.5999999999999992	0.0	0.0	0.0	0.0
1.6166666666666658	0.0	0.0	0.0	0.0
1.6333333333333324	0.0	0.0	0.0	0.0
1.649999999999999	0.0	0.0	0.0	0.0
1.6666666666666656	0.0	0.0	0.0	0.0
1.6833333333333322	0.0	0.0	0.0	0.0
1.6999999999999993	0.0	0.0	0.0	0.0
1.716666666666666	0.0	0.0	0.0	0.0
1.7333333333333325	0.0	0.0	0.0	0.0
1.7499999999999991	0.0	0.0	0.0	0.0
1.7666666666666657	0.0	0.0	0.0	0.0
1.7833333333333323	0.0	0.0	0.0	0.0
1.799999999999999	0.0	0.0	0.0	0.0
1.816666666666666	0.0	0.0	0.0	0.0
1.8333333333333326	0.0	0.0	0.0	0.0
1.8499999999999992	0.0	0.0	0.0	0.0
1.8666666666666658	0.0	0.0	0.0	0.0
1.8833333333333324	0.0	0.0	0.0	0.0
1.899999999999999	0.0	0.0	0.0	0.0
1.9166666666666656	0.0	0.0	0.0	0.0
1.9333333333333322	0.0	0.0	0.0	0.0
1.9499999999999988	0.0	0.0	0.0	0.0
1.9666666666666655	0.0	0.0	0.0	0.0
1.983333333333332	0.0	0.0	0.0	0.0
1.9999999999999987	0.0	0.0	0.0	0.0
2.0166666666666666	0.0	0.0	0.0	0.0
2.033333333333333	0.0	0.0	0.0	0.0
2.05	0.0	0.0	0.0	0.0
2.0666666666666664	0.0	0.0	0.0	0.0
2.083333333333333	0.0	0.0	0.0	0.0
2.0999999999999996	0.0	0.0	0.0	0.0
2.1166666666666663	0.0	0.0	0.0	0.0
2.133333333333333	0.0	0.0	0.0	0.0
2.1499999999999995	0.0	0.0	0.0	0.0
2.166666666666666	0.0	0.0	0.0	0.0
2.1833333333333327	0.0	0.0	0.0	0.0
2.1999999999999993	0.0	0.0	0.0	0.0
2.216666666666666	0.0	0.0	0.0	0.0
2.2333333333333325	0.0	0.0	0.0	0.0
2.249999999999999	0.0	0.0	0.0	0.0
2.2666666666666657	0.0	0.0	0.0	0.0
2.2833333333333323	0.0	0.0	0.0	0.0
2.3	0.0	0.0	0.0	0.0
2.3166666666666664	0.0	0.0	0.0	0.0
2.333333333333333	0.0	0.0	0.0	0.0
2.3499999999999996	0.0	0.0	0.0	0.0
2.3666666666666663	0.0	0.0	0.0	0.0
2.383333333333333	0.0	0.0	0.0	0.0
2.3999999999999995	0.0	0.0	0.0	0.0
2.416666666666666	0.0	0.0	0.0	0.0
2.4333333333333327	0.0	0.0	0.0	0.0
2.4499999999999993	0.0	0.0	0.0	0.0
2.466666666666666	0.0	0.0	0.0	0.0
2.4833333333333325	0.0	0.0	0.0	0.0
2.499999999999999	0.0	0.0	0.0	0.0
2.5166666666666657	0.0	0.0	0.0	0.0
2.5333333333333323	0.0	0.0	0.0	0.0
2.55	0.0	0.0	0.0	0.0
2.5666666666666664	0.0	0.0	0.0	0.0
2.583333333333333	0.0	0.0	0.0	0.0
2.5999999999999996	0.0	0.0	0.0	0.0
2.6166666666666663	0.0	0.0	0.0	0.0
2.633333333333333	0.0	0.0	0.0	0.0
2.6499999999999995	0.0	0.0	0.0	0.0
2.666666666666666	0.0	0.0	0.0	0.0
2.6833333333333327	0.0	0.0	0.0	0.0
2.6999999999999993	0.0	0.0	0.0	0.0
2.716666666666666	0.0	0.0	0.0	0.0
2.7333333333333325	0.0	0.0	0.0	0.0
2.749999999999999	0.0	0.0	0.0	0.0
2.7666666666666657	0.0	0.0	0.0	0.0
2.7833333333333323	0.0	0.0	0.0	0.0
2.799999999999999	0.0	0.0	0.0	0.0
2.8166666666666655	0.0	0.0	0.0	0.0
2.833333333333333	0.0	0.0	0.0	0.0
2.8499999999999996	0.0	0.0	0.0	0.0
2.8666666666666663	0.0	0.0	0.0	0.0
2.883333333333333	0.0	0.0	0.0	0.0
2.8999999999999995	0.0	0.0	0.0	0.0
2.916666666666666	0.0	0.0	0.0	0.0
2.9333333333333327	0.0	0.0	0.0	0.0
2.9499999999999993	0.0	0.0	0.0	0.0
2.966666666666666	0.0	0.0	0.0	0.0
2.9833333333333325	0.0	0.0	0.0	0.0
2.999999999999999	0.0	0.0	0.0	0.0
3.0166666666666657	0.0	0.0	0.0	0.0
3.0333333333333323	0.0	0.0	0.0	0.0
3.049999999999999	0.0	0.0	0.0	0.0
3.0666666666666655	0.0	0.0	0.0	0.0
3.083333333333333	0.0	0.0	0.0	0.0
3.0999999999999996	0.0	0.0	0.0	0.0
3.1166666666666663	0.0	0.0	0.0	0.0
3.133333333333333	0.0	0.0	0.0	0.0
3.1499999999999995	0.0	0.0	0.0	0.0
3.166666666666666	0.0	0.0	0.0	0.0
3.1833333333333327	0.0	0.0	0.0	0.0
3.1999999999999993	0.0	0.0	0.0	0.0
3.216666666666666	0.0	0.0	0.0	0.0
3.2333333333333325	0.0	0.0	0.0	0.0
3.249999999999999	0.0	0.0	0.0	0.0
3.2666666666666657	0.0	0.0	0.0	0.0
3.2833333333333323	0.0	0.0	0.0	0.0
3.299999999999999	0.0	0.0	0.0	0.0
3.3166666666666655	0.0	0.0	0.0	0.0
3.333333333333332	0.0	0.0	0.0	0.0
3.3499999999999988	0.0	0.0	0.0	0.0
3.3666666666666663	0.0	0.0	0.0	0.0
3.383333333333333	0.0	0.0	0.0	0.0
3.3999999999999995	0.0	0.0	0.0	0.0
3.416666666666666	0.0	0.0	0.0	0.0
3.4333333333333327	0.0	0.0	0.0	0.0
3.4499999999999993	0.0	0.0	0.0	0.0
3.466666666666666	0.0	0.0	0.0	0.0
3.4833333333333325	0.0	0.0	0.0	0.0
3.499999999999999	0.0	0.0	0.0	0.0
3.5166666666666657	0.0	0.0	0.0	0.0
3.5333333333333323	0.0	0.0	0.0	0.0
3.549999999999999	0.0	0.0	0.0	0.0
3.5666666666666655	0.0	0.0	0.0	0.0
3.583333333333332	0.0	0.0	0.0	0.0
3.5999999999999988	0.0	0.0	0.0	0.0
3.6166666666666663	0.0	0.0	0.0	0.0
3.633333333333333	0.0	0.0	0.0	0.0
3.6499999999999995	0.0	0.0	0.0	0.0
3.666666666666666	0.0	0.0	0.0	0.0
3.6833333333333327	0.0	0.0	0.0	0.0
3.6999999999999993	0.0	0.0	0.0	0.0
3.716666666666666	0.0	0.0	0.0	0.0
3.7333333333333325	0.0	0.0	0.0	0.0
3.749999999999999	0.472944	0.0	0.0	0.472944
3.7666666666666657	0.472944	0.0	0.0	0.472944
3.7833333333333323	0.472944	0.0	0.0	0.472944
3.799999999999999	0.472944	0.0	0.0	0.472944
3.8166666666666655	0.472944	0.0	0.0	0.472944
3.833333333333332	0.945888	0.0472944	0.0	0.472944
3.8499999999999988	0.945888	0.0472944	0.0	0.472944
3.8666666666666654	0.945888	0.0472944	0.0	0.472944
3.883333333333332	0.945888	0.0472944	0.0	0.472944
3.8999999999999995	0.945888	0.0472944	0.0	0.472944
3.916666666666666	1.4188319999999999	0.0945888	0.0	0.472944
3.9333333333333327	1.4188319999999999	0.0945888	0.0	0.472944
3.9499999999999993	1.4188319999999999	0.0945888	0.0	0.472944
3.966666666666666	1.4188319999999999	0.0945888	0.0	0.472944
3.9833333333333325	1.4188319999999999	0.0945888	0.0	0.472944
3.999999999999999	1.891776	0.1418832	0.0	0.472944
4.016666666666666	1.891776	0.1418832	0.0	0.472944
4.033333333333332	1.891776	0.1418832	0.0	0.472944
4.049999999999999	1.891776	0.1418832	0.0	0.472944
4.0666666666666655	1.891776	0.1418832	0.0	0.472944
4.083333333333332	2.3647199999999997	0.1891776	0.0	0.472944
4.099999999999999	2.3647199999999997	0.23647200000000002	0.0	0.0
4.116666666666665	2.3647199999999997	0.23647200000000002	0.0	0.0
4.133333333333332	2.3647199999999997	0.23647200000000002	0.0	0.0
4.1499999999999995	2.8376639999999997	0.28376640000000003	0.0	0.0
4.166666666666666	2.8376639999999997	0.28376640000000003	0.0	0.0
4.183333333333333	2.8376639999999997	0.28376640000000003	0.0	0.0
4.199999999999999	2.8376639999999997	0.28376640000000003	0.0	0.0
4.216666666666666	3.3106079999999998	0.33106080000000004	0.0	0.0
4.2333333333333325	3.3106079999999998	0.33106080000000004	0.0	0.0
4.249999999999999	3.3106079999999998	0.33106080000000004	0.0	0.0
4.266666666666666	3.3106079999999998	0.33106080000000004	0.0	0.0
4.283333333333332	3.3106079999999998	0.33106080000000004	0.0	0.0
4.299999999999999	3.783552	0.37835520000000006	0.0	0.0
4.3166666666666655	3.783552	0.37835520000000006	0.0	0.0
4.333333333333332	3.783552	0.37835520000000006	0.0	0.0
4.349999999999999	3.783552	0.37835520000000006	0.0	0.0
4.366666666666665	3.783552	0.37835520000000006	0.0	0.0
4.383333333333332	4.256495999999999	0.4256496000000001	0.0	0.0
4.399999999999999	4.256495999999999	0.4256496000000001	0.0	0.0
4.416666666666665	4.256495999999999	0.4256496000000001	0.0	0.0
4.433333333333333	4.256495999999999	0.4256496000000001	0.0	0.0
4.449999999999999	4.256495999999999	0.4256496000000001	0.0	0.0
4.466666666666666	4.729439999999999	0.4729440000000001	0.0	0.0
4.4833333333333325	4.729439999999999	0.4729440000000001	0.0	0.0
4.499999999999999	4.729439999999999	0.4729440000000001	0.0	0.0
4.516666666666666	4.729439999999999	0.4729440000000001	0.0	0.0
4.533333333333332	5.2023839999999995	0.5202384000000001	0.0	0.0
4.549999999999999	5.2023839999999995	0.5202384000000001	0.0	0.0
4.5666666666666655	5.2023839999999995	0.5202384000000001	0.0	0.0
4.583333333333332	5.2023839999999995	0.5202384000000001	0.0	0.0
4.599999999999999	5.2023839999999995	0.5202384000000001	0.0	0.0
4.616666666666665	5.6753279999999995	0.5202384000000001	0.472944	0.0
4.633333333333332	5.6753279999999995	0.5202384000000001	0.472944	0.0
4.649999999999999	5.6753279999999995	0.5202384000000001	0.472944	0.0
4.666666666666665	5.6753279999999995	0.5202384000000001	0.472944	0.0
4.683333333333333	5.6753279999999995	0.5202384000000001	0.472944	0.0
4.699999999999999	6.1482719999999995	0.5202384000000001	0.945888	0.0
4.716666666666666	6.1482719999999995	0.5202384000000001	0.945888	0.0
4.7333333333333325	6.1482719999999995	0.5202384000000001	0.945888	0.0
4.749999999999999	6.1482719999999995	0.5202384000000001	0.945888	0.0
4.766666666666666	6.1482719999999995	0.5202384000000001	0.945888	0.0
4.783333333333332	6.6212159999999995	0.5202384000000001	1.4188319999999999	0.0
4.799999999999999	6.6212159999999995	0.5202384000000001	1.4188319999999999	0.0
4.8166666666666655	6.6212159999999995	0.5202384000000001	1.4188319999999999	0.0
4.833333333333332	6.6212159999999995	0.5202384000000001	1.4188319999999999	0.0
4.849999999999999	7.09416	0.5202384000000001	1.891776	0.0
4.866666666666665	7.09416	0.5202384000000001	1.891776	0.0
4.883333333333332	7.09416	0.5202384000000001	1.891776	0.0
4.899999999999999	7.09416	0.5202384000000001	1.891776	0.0
4.916666666666665	7.09416	0.5202384000000001	1.891776	0.0
4.933333333333332	7.567104	0.5202384000000001	2.3647199999999997	0.0
4.949999999999998	7.567104	0.5202384000000001	2.3647199999999997	0.0
4.966666666666666	7.567104	0.5202384000000001	2.3647199999999997	0.0
4.9833333333333325	8.040047999999999	0.5202384000000001	2.8376639999999997	0.0
4.999999999999999	8.040047999999999	0.5202384000000001	2.8376639999999997	0.0
5.016666666666666	8.040047999999999	0.5202384000000001	2.8376639999999997	0.0
5.033333333333332	8.040047999999999	0.5202384000000001	2.8376639999999997	0.0
5.049999999999999	8.040047999999999	0.5202384000000001	2.8376639999999997	0.0
5.0666666666666655	8.040047999999999	0.5202384000000001	2.8376639999999997	0.0
5.083333333333332	8.512991999999999	0.5202384000000001	2.8376639999999997	0.472944
5.099999999999999	8.512991999999999	0.5202384000000001	2.8376639999999997	0.472944
5.116666666666665	8.512991999999999	0.5202384000000001	2.8376639999999997	0.472944
5.133333333333332	8.512991999999999	0.5202384000000001	2.8376639999999997	0.472944
5.149999999999999	8.985935999999999	0.5202384000000001	2.8376639999999997	0.945888
5.166666666666665	8.985935999999999	0.5202384000000001	2.3647199999999997	1.4188319999999999
5.183333333333332	8.985935999999999	0.5202384000000001	2.3647199999999997	1.4188319999999999
5.199999999999998	8.985935999999999	0.5202384000000001	2.3647199999999997	1.4188319999999999
5.216666666666666	8.985935999999999	0.5202384000000001	2.3647199999999997	1.4188319999999999
5.2333333333333325	9.458879999999999	0.5202384000000001	2.3647199999999997	1.891776
5.249999999999999	9.458879999999999	0.5202384000000001	2.3647199999999997	1.891776
5.266666666666666	9.458879999999999	0.5202384000000001	2.3647199999999997	1.891776
5.283333333333332	9.458879999999999	0.5202384000000001	2.3647199999999997	1.891776
5.299999999999999	9.931823999999999	0.5202384000000001	2.3647199999999997	2.3647199999999997
5.3166666666666655	9.931823999999999	0.5202384000000001	2.3647199999999997	2.3647199999999997
5.333333333333332	9.931823999999999	0.5202384000000001	2.3647199999999997	2.3647199999999997
5.349999999999999	9.931823999999999	0.5202384000000001	2.3647199999999997	2.3647199999999997
5.366666666666665	9.931823999999999	0.5202384000000001	2.3647199999999997	2.3647199999999997
5.383333333333332	10.404767999999999	0.5202384000000001	2.3647199999999997	2.8376639999999997
5.399999999999999	10.404767999999999	0.5202384000000001	2.3647199999999997	2.8376639999999997
5.416666666666665	10.404767999999999	0.5202384000000001	2.3647199999999997	2.8376639999999997
5.433333333333332	10.404767999999999	0.5202384000000001	2.3647199999999997	2.8376639999999997
5.449999999999998	10.877711999999999	0.5202384000000001	2.3647199999999997	3.3106079999999998
5.466666666666665	10.877711999999999	0.5202384000000001	2.3647199999999997	3.3106079999999998
5.483333333333332	10.877711999999999	0.5202384000000001	2.3647199999999997	3.3106079999999998
5.499999999999999	10.877711999999999	0.5202384000000001	2.3647199999999997	3.3106079999999998
5.516666666666666	11.350655999999999	0.5202384000000001	2.3647199999999997	3.783552
5.533333333333332	11.350655999999999	0.5202384000000001	2.3647199999999997	3.783552
5.549999999999999	11.350655999999999	0.5202384000000001	2.3647199999999997	3.783552
5.5666666666666655	11.350655999999999	0.5202384000000001	2.3647199999999997	3.783552
5.583333333333332	11.823599999999999	0.5202384000000001	2.3647199999999997	4.256495999999999
5.599999999999999	11.823599999999999	0.5202384000000001	2.3647199999999997	4.256495999999999
5.616666666666665	11.823599999999999	0.5202384000000001	2.3647199999999997	4.256495999999999
5.633333333333332	11.823599999999999	0.5202384000000001	2.3647199999999997	4.256495999999999
5.649999999999999	12.296543999999999	0.5202384000000001	2.3647199999999997	4.729439999999999
5.666666666666665	12.296543999999999	0.5202384000000001	2.3647199999999997	4.729439999999999
5.683333333333332	12.296543999999999	0.5202384000000001	2.3647199999999997	4.729439999999999
5.699999999999998	12.296543999999999	0.5202384000000001	2.3647199999999997	4.729439999999999
5.716666666666665	12.769487999999999	0.5202384000000001	2.3647199999999997	5.2023839999999995
5.733333333333332	12.769487999999999	0.5202384000000001	2.3647199999999997	5.2023839999999995
5.749999999999999	12.769487999999999	0.5202384000000001	2.3647199999999997	5.2023839999999995
5.766666666666666	12.769487999999999	0.5202384000000001	2.3647199999999997	5.2023839999999995
5.783333333333332	12.769487999999999	0.5202384000000001	2.3647199999999997	5.2023839999999995
5.799999999999999	13.242431999999999	0.5202384000000001	2.3647199999999997	5.6753279999999995
5.8166666666666655	13.242431999999999	0.5202384000000001	2.3647199999999997	5.6753279999999995
5.833333333333332	13.242431999999999	0.5202384000000001	2.3647199999999997	5.6753279999999995
5.849999999999999	13.242431999999999	0.5202384000000001	2.3647199999999997	5.6753279999999995
5.866666666666665	13.715376	0.5202384000000001	2.3647199999999997	6.1482719999999995
5.883333333333332	13.715376	0.5202384000000001	1.891776	6.6212159999999995
5.8999999999999995	13.715376	0.5202384000000001	1.891776	6.6212159999999995
5.916666666666665	13.715376	0.5202384000000001	1.891776	6.6212159999999995
5.933333333333333	14.18832	0.5202384000000001	1.891776	7.09416
5.949999999999998	14.18832	0.5202384000000001	1.891776	7.09416
5.966666666666666	14.18832	0.5202384000000001	1.891776	7.09416
5.983333333333332	14.18832	0.5202384000000001	1.891776	7.09416
5.999999999999999	14.812304	0.5202384000000001	1.891776	7.718144
6.016666666666664	14.812304	0.5202384000000001	1.891776	7.718144
6.033333333333331	14.812304	0.5202384000000001	1.891776	7.718144
6.049999999999997	14.812304	0.5202384000000001	1.891776	7.718144
6.066666666666665	15.436288	0.5826368000000001	1.891776	7.718144
6.08333333333333	15.436288	0.5826368000000001	1.891776	7.718144
6.099999999999998	15.436288	0.5826368000000001	1.891776	7.718144
6.116666666666664	15.436288	0.5826368000000001	1.891776	7.718144
6.133333333333331	16.060271999999998	0.6450351999999999	1.891776	7.718144
6.149999999999999	16.060271999999998	0.6450351999999999	1.891776	7.718144
6.166666666666664	16.060271999999998	0.6450351999999999	1.891776	7.718144
6.183333333333332	16.060271999999998	0.6450351999999999	1.891776	7.718144
6.1999999999999975	16.684255999999998	0.7074335999999999	1.891776	7.718144
6.216666666666665	16.684255999999998	0.7698319999999998	1.891776	7.09416
6.233333333333331	16.684255999999998	0.7698319999999998	1.891776	7.09416
6.249999999999998	16.684255999999998	0.7698319999999998	1.891776	7.09416
6.266666666666664	17.308239999999994	0.8322303999999997	1.891776	7.09416
6.283333333333331	17.308239999999994	0.8322303999999997	1.891776	7.09416
6.299999999999997	17.308239999999994	0.8322303999999997	1.891776	7.09416
6.316666666666665	17.308239999999994	0.8322303999999997	1.891776	7.09416
6.33333333333333	17.93222399999999	0.8946287999999997	1.891776	7.09416
6.349999999999998	17.93222399999999	0.8946287999999997	1.891776	7.09416
6.366666666666664	17.93222399999999	0.8946287999999997	1.891776	7.09416
6.383333333333331	17.93222399999999	0.8946287999999997	1.891776	7.09416
6.399999999999997	18.55620799999999	0.9570271999999996	1.891776	7.09416
6.416666666666664	18.55620799999999	0.9570271999999996	1.891776	7.09416
6.433333333333332	18.55620799999999	0.9570271999999996	1.891776	7.09416
6.4499999999999975	18.55620799999999	0.9570271999999996	1.891776	7.09416
6.466666666666665	19.180191999999987	1.0194255999999997	1.891776	7.09416
6.483333333333331	19.180191999999987	1.0194255999999997	1.4188319999999999	7.567104
6.499999999999998	19.180191999999987	1.0194255999999997	1.4188319999999999	7.567104
6.516666666666664	19.180191999999987	1.0194255999999997	1.4188319999999999	7.567104
6.533333333333331	19.804175999999984	1.0818239999999997	1.4188319999999999	7.567104
6.549999999999997	19.804175999999984	1.0818239999999997	1.4188319999999999	7.567104
6.566666666666665	19.804175999999984	1.0818239999999997	1.4188319999999999	7.567104
6.58333333333333	19.804175999999984	1.0818239999999997	1.4188319999999999	7.567104
6.599999999999998	20.428159999999984	1.1442223999999996	1.4188319999999999	7.567104
6.616666666666664	20.428159999999984	1.1442223999999996	1.4188319999999999	7.567104
6.633333333333331	20.428159999999984	1.1442223999999996	1.4188319999999999	7.567104
6.649999999999997	21.05214399999998	1.1442223999999996	2.0428159999999997	7.567104
6.666666666666664	21.05214399999998	1.1442223999999996	2.0428159999999997	7.567104
6.68333333333333	21.05214399999998	1.1442223999999996	2.0428159999999997	7.567104
6.6999999999999975	21.676127999999977	1.1442223999999996	2.6668	7.567104
6.716666666666665	21.676127999999977	1.1442223999999996	2.6668	7.567104
6.733333333333331	21.676127999999977	1.1442223999999996	2.6668	7.567104
6.749999999999998	21.676127999999977	1.1442223999999996	2.6668	7.567104
6.766666666666664	22.300111999999977	1.1442223999999996	3.290784	7.567104
6.783333333333331	22.300111999999977	1.1915167999999996	3.290784	7.09416
6.799999999999997	22.300111999999977	1.1915167999999996	3.290784	7.09416
6.816666666666665	22.300111999999977	1.1915167999999996	3.290784	7.09416
6.83333333333333	22.924095999999974	1.1915167999999996	3.914768	7.09416
6.849999999999998	22.924095999999974	1.1915167999999996	3.914768	7.09416
6.866666666666664	22.924095999999974	1.1915167999999996	3.914768	7.09416
6.883333333333331	23.548079999999974	1.1915167999999996	4.538752	7.09416
6.899999999999997	23.548079999999974	1.1915167999999996	4.538752	7.09416
6.916666666666664	23.548079999999974	1.1915167999999996	4.538752	7.09416
6.93333333333333	23.548079999999974	1.1915167999999996	4.538752	7.09416
6.9499999999999975	24.17206399999997	1.1915167999999996	5.162736	7.09416
6.966666666666665	24.17206399999997	1.1915167999999996	5.162736	7.09416
6.983333333333331	24.17206399999997	1.1915167999999996	5.162736	7.09416
6.999999999999998	24.17206399999997	1.1915167999999996	5.162736	7.09416
7.016666666666664	24.796047999999967	1.1915167999999996	5.162736	7.718144
7.033333333333331	24.796047999999967	1.1915167999999996	5.162736	7.718144
7.049999999999997	24.796047999999967	1.1915167999999996	5.162736	7.718144
7.066666666666665	25.420031999999967	1.1915167999999996	4.689792	8.815071999999999
7.08333333333333	25.420031999999967	1.1915167999999996	4.689792	8.815071999999999
7.099999999999998	25.420031999999967	1.1915167999999996	4.689792	8.815071999999999
7.116666666666664	25.420031999999967	1.1915167999999996	4.689792	8.815071999999999
7.133333333333331	26.044015999999964	1.1915167999999996	4.689792	9.439055999999999
7.149999999999997	26.044015999999964	1.1915167999999996	4.689792	9.439055999999999
7.166666666666664	26.044015999999964	1.1915167999999996	4.689792	9.439055999999999
7.18333333333333	26.66799999999996	1.1915167999999996	4.689792	10.063039999999999
7.1999999999999975	26.66799999999996	1.1915167999999996	4.689792	10.063039999999999
7.216666666666665	26.66799999999996	1.1915167999999996	4.689792	10.063039999999999
7.233333333333331	26.66799999999996	1.1915167999999996	4.689792	10.063039999999999
7.249999999999998	27.29198399999996	1.1915167999999996	4.689792	10.687024
7.266666666666664	27.29198399999996	1.1915167999999996	4.689792	10.687024
7.283333333333331	27.29198399999996	1.1915167999999996	4.689792	10.687024
7.299999999999997	27.915967999999957	1.1915167999999996	4.689792	11.311008
7.316666666666665	27.915967999999957	1.1915167999999996	4.689792	11.311008
7.33333333333333	27.915967999999957	1.2388111999999996	4.689792	10.838064
7.349999999999998	27.915967999999957	1.2388111999999996	4.689792	10.838064
7.366666666666664	28.539951999999953	1.2388111999999996	4.689792	11.462048
7.383333333333331	28.539951999999953	1.2388111999999996	4.689792	11.462048
7.399999999999997	28.539951999999953	1.2388111999999996	4.689792	11.462048
7.416666666666664	29.163935999999953	1.2388111999999996	4.689792	12.086032
7.43333333333333	29.163935999999953	1.2388111999999996	4.689792	12.086032
7.4499999999999975	29.163935999999953	1.2388111999999996	4.689792	12.086032
7.466666666666663	29.163935999999953	1.2388111999999996	4.689792	12.086032
7.483333333333331	29.78791999999995	1.2388111999999996	4.689792	12.710016
7.499999999999998	29.78791999999995	1.2388111999999996	4.689792	12.710016
7.516666666666664	29.78791999999995	1.2388111999999996	4.689792	12.710016
7.533333333333331	30.411903999999947	1.2388111999999996	4.689792	13.334
7.549999999999997	30.411903999999947	1.2388111999999996	4.065808	13.957984
7.566666666666665	30.411903999999947	1.2388111999999996	4.065808	13.957984
7.58333333333333	31.035887999999947	1.2388111999999996	4.065808	14.581968
7.599999999999998	31.035887999999947	1.2388111999999996	3.592864	15.054912
7.616666666666664	31.035887999999947	1.2388111999999996	3.592864	15.054912
7.633333333333331	31.035887999999947	1.2388111999999996	3.592864	15.054912
7.649999999999997	31.659871999999947	1.2388111999999996	3.592864	15.678896
7.666666666666664	31.659871999999947	1.2388111999999996	3.592864	15.678896
7.68333333333333	32.28385599999995	1.2388111999999996	3.592864	16.30288
7.6999999999999975	32.28385599999995	1.2388111999999996	3.592864	16.30288
7.716666666666663	32.28385599999995	1.2388111999999996	3.592864	16.30288
7.733333333333331	32.90783999999995	1.2388111999999996	3.592864	16.926864
7.7499999999999964	32.90783999999995	1.2388111999999996	3.592864	16.926864
7.766666666666664	32.90783999999995	1.2388111999999996	3.592864	16.926864
7.783333333333331	33.53559999999995	1.2388111999999996	3.592864	17.554623999999993
7.799999999999997	33.53559999999995	1.2388111999999996	3.592864	17.554623999999993
7.816666666666665	33.53559999999995	1.2388111999999996	3.592864	17.554623999999993
7.83333333333333	33.53559999999995	1.2861055999999995	3.592864	17.081679999999995
7.849999999999998	34.16335999999995	1.3488815999999995	3.592864	17.081679999999995
7.866666666666664	34.16335999999995	1.3488815999999995	3.592864	17.081679999999995
7.883333333333331	34.16335999999995	1.3488815999999995	3.592864	17.081679999999995
7.899999999999997	34.79111999999995	1.4116575999999994	3.592864	17.081679999999995
7.916666666666664	34.79111999999995	1.4116575999999994	3.592864	17.081679999999995
7.93333333333333	34.79111999999995	1.4116575999999994	3.592864	17.081679999999995
7.9499999999999975	35.41887999999995	1.4744335999999993	3.592864	17.081679999999995
7.966666666666663	35.41887999999995	1.4744335999999993	3.592864	17.081679999999995
7.983333333333331	35.41887999999995	1.4744335999999993	3.592864	17.081679999999995
7.9999999999999964	36.046639999999954	1.5999855999999992	3.592864	16.45392
8.016666666666664	36.046639999999954	1.5999855999999992	3.592864	16.45392
8.033333333333331	36.046639999999954	1.5999855999999992	3.592864	16.45392
8.049999999999997	36.67439999999995	1.6627615999999992	3.592864	16.45392
8.066666666666665	36.67439999999995	1.6627615999999992	3.592864	16.45392
8.08333333333333	36.67439999999995	1.6627615999999992	3.592864	16.45392
8.099999999999998	36.67439999999995	1.6627615999999992	3.592864	16.45392
8.116666666666664	37.30215999999995	1.7255375999999991	3.592864	16.45392
8.133333333333331	37.30215999999995	1.7255375999999991	3.11992	16.926864
8.149999999999997	37.30215999999995	1.7255375999999991	3.11992	16.926864
8.166666666666664	37.92991999999995	1.788313599999999	3.11992	16.926864
8.18333333333333	37.92991999999995	1.788313599999999	3.11992	16.926864
8.199999999999998	37.92991999999995	1.788313599999999	3.11992	16.926864
8.216666666666663	38.55767999999995	1.851089599999999	3.11992	16.926864
8.23333333333333	38.55767999999995	1.851089599999999	3.11992	16.926864
8.249999999999996	38.55767999999995	1.851089599999999	3.11992	16.926864
8.266666666666664	39.18543999999995	1.913865599999999	3.11992	16.926864
8.283333333333331	39.18543999999995	1.913865599999999	3.11992	16.926864
8.299999999999997	39.18543999999995	1.913865599999999	3.11992	16.926864
8.316666666666665	39.81319999999995	1.961159999999999	3.7476800000000003	16.45392
8.33333333333333	39.81319999999995	1.961159999999999	3.7476800000000003	16.45392
8.349999999999998	39.81319999999995	1.961159999999999	3.7476800000000003	16.45392
8.366666666666664	40.440959999999954	1.961159999999999	4.37544	16.45392
8.383333333333331	40.440959999999954	1.961159999999999	3.751456	17.077903999999997
8.399999999999997	40.440959999999954	1.961159999999999	3.751456	17.077903999999997
8.416666666666664	41.06871999999995	1.961159999999999	4.379216	17.077903999999997
8.43333333333333	41.06871999999995	1.961159999999999	4.379216	17.077903999999997
8.449999999999998	41.06871999999995	1.961159999999999	4.379216	17.077903999999997
8.466666666666663	41.69647999999995	1.961159999999999	5.006976	17.077903999999997
8.48333333333333	41.69647999999995	1.961159999999999	5.006976	17.077903999999997
8.499999999999996	41.69647999999995	1.961159999999999	5.006976	17.077903999999997
8.516666666666664	41.69647999999995	1.961159999999999	5.006976	17.077903999999997
8.53333333333333	42.32423999999995	1.961159999999999	5.634736	17.077903999999997
8.549999999999997	42.32423999999995	1.961159999999999	5.634736	17.077903999999997
8.566666666666665	42.951999999999956	1.961159999999999	6.262496	17.077903999999997
8.58333333333333	42.951999999999956	1.961159999999999	6.262496	17.077903999999997
8.599999999999998	42.951999999999956	1.961159999999999	6.262496	17.077903999999997
8.616666666666664	43.57975999999995	1.961159999999999	6.262496	17.705663999999995
8.633333333333331	43.57975999999995	1.961159999999999	6.262496	17.705663999999995
8.649999999999997	43.57975999999995	1.913865599999999	6.262496	18.178607999999993
8.666666666666664	44.20751999999995	1.913865599999999	5.634736	19.434127999999987
8.68333333333333	44.20751999999995	1.913865599999999	5.634736	19.434127999999987
8.699999999999998	44.20751999999995	1.913865599999999	5.634736	19.434127999999987
8.716666666666663	44.835279999999955	1.976263999999999	5.634736	19.43790399999999
8.73333333333333	44.835279999999955	1.976263999999999	5.634736	19.43790399999999
8.749999999999996	44.835279999999955	1.976263999999999	5.634736	19.43790399999999
8.766666666666664	45.46303999999996	1.976263999999999	5.634736	20.065663999999988
8.78333333333333	45.46303999999996	1.976263999999999	5.634736	20.065663999999988
8.799999999999997	45.46303999999996	1.976263999999999	5.634736	20.065663999999988
8.816666666666663	46.09079999999995	1.976263999999999	6.10768	20.220479999999984
8.83333333333333	46.09079999999995	1.976263999999999	6.10768	20.220479999999984
8.849999999999998	46.09079999999995	1.976263999999999	6.10768	20.220479999999984
8.866666666666664	46.718559999999954	1.976263999999999	6.10768	20.848239999999983
8.883333333333331	46.718559999999954	1.976263999999999	6.10768	20.848239999999983
8.899999999999997	46.718559999999954	1.976263999999999	6.10768	20.848239999999983
8.916666666666664	47.34631999999995	1.976263999999999	6.10768	21.47599999999998
8.93333333333333	47.34631999999995	1.976263999999999	6.10768	21.47599999999998
8.949999999999998	47.34631999999995	1.976263999999999	6.10768	21.47599999999998
8.966666666666663	47.97407999999995	1.976263999999999	6.10768	22.10375999999998
8.98333333333333	47.97407999999995	1.976263999999999	6.10768	22.10375999999998
8.999999999999996	47.97407999999995	1.976263999999999	6.10768	22.10375999999998
9.016666666666664	48.60183999999995	1.976263999999999	6.10768	22.731519999999975
9.03333333333333	48.60183999999995	1.976263999999999	6.10768	22.731519999999975
9.049999999999997	48.60183999999995	1.976263999999999	6.10768	22.731519999999975
9.066666666666663	49.229599999999955	1.976263999999999	6.10768	23.359279999999973
9.08333333333333	49.229599999999955	1.976263999999999	6.10768	23.359279999999973
9.099999999999998	49.229599999999955	1.976263999999999	5.483696	23.983263999999973
9.116666666666664	49.85735999999995	1.976263999999999	5.483696	24.611023999999976
9.133333333333331	49.85735999999995	1.976263999999999	5.483696	24.611023999999976
9.149999999999997	49.85735999999995	1.976263999999999	5.483696	24.611023999999976
9.166666666666664	50.48511999999995	1.976263999999999	5.483696	25.238783999999974
9.18333333333333	50.48511999999995	1.976263999999999	5.483696	25.238783999999974
9.199999999999998	50.48511999999995	1.976263999999999	5.483696	25.238783999999974
9.216666666666663	51.11287999999995	1.928969599999999	5.483696	26.339487999999974
9.23333333333333	51.11287999999995	1.928969599999999	5.483696	26.339487999999974
9.249999999999996	51.11287999999995	1.928969599999999	5.483696	26.339487999999974
9.266666666666664	51.74063999999995	1.928969599999999	5.483696	26.967247999999973
9.28333333333333	51.74063999999995	1.928969599999999	5.483696	26.967247999999973
9.299999999999997	51.74063999999995	1.928969599999999	5.483696	26.967247999999973
9.316666666666663	51.74063999999995	1.928969599999999	5.95664	26.494303999999975
9.33333333333333	52.368399999999944	1.928969599999999	5.95664	27.122063999999977
9.349999999999998	52.368399999999944	1.928969599999999	5.95664	27.122063999999977
9.366666666666664	52.368399999999944	1.928969599999999	5.95664	27.122063999999977
9.383333333333331	52.996159999999946	2.054143999999999	5.95664	26.498079999999977
9.399999999999997	52.996159999999946	2.054143999999999	5.95664	26.498079999999977
9.416666666666664	52.996159999999946	2.054143999999999	5.95664	26.498079999999977
9.43333333333333	53.62391999999994	2.1169199999999995	5.95664	26.498079999999977
9.449999999999998	53.62391999999994	2.1169199999999995	5.95664	26.498079999999977
9.466666666666663	54.25167999999994	2.242472	5.95664	25.870319999999975
9.48333333333333	54.25167999999994	2.242472	5.95664	25.870319999999975
9.499999999999996	54.25167999999994	2.242472	5.95664	25.870319999999975
9.516666666666664	54.87943999999994	2.305248	5.95664	25.870319999999975
9.53333333333333	54.87943999999994	2.305248	5.95664	25.870319999999975
9.549999999999997	54.87943999999994	2.305248	5.95664	25.870319999999975
9.566666666666663	55.50719999999994	2.368024	5.95664	25.870319999999975
9.58333333333333	55.50719999999994	2.368024	5.95664	25.870319999999975
9.599999999999996	55.50719999999994	2.368024	5.95664	25.870319999999975
9.616666666666664	56.134959999999936	2.4308000000000005	5.95664	25.870319999999975
9.633333333333331	56.134959999999936	2.4308000000000005	5.95664	25.870319999999975
9.649999999999997	56.134959999999936	2.4308000000000005	5.95664	25.870319999999975
9.666666666666664	56.76271999999994	2.493576000000001	5.95664	25.870319999999975
9.68333333333333	56.76271999999994	2.493576000000001	5.95664	25.870319999999975
9.699999999999998	56.76271999999994	2.493576000000001	5.32888	26.498079999999977
9.716666666666663	57.39047999999993	2.556352000000001	5.32888	26.498079999999977
9.73333333333333	57.39047999999993	2.556352000000001	4.704896	27.122063999999977
9.749999999999996	57.39047999999993	2.556352000000001	4.704896	27.122063999999977
9.766666666666664	58.018239999999935	2.556352000000001	5.332656	27.122063999999977
9.78333333333333	58.018239999999935	2.556352000000001	5.332656	27.122063999999977
9.799999999999997	58.018239999999935	2.556352000000001	5.332656	27.122063999999977
9.816666666666663	58.64599999999993	2.556352000000001	5.9604159999999995	27.122063999999977
9.83333333333333	58.64599999999993	2.5090576000000007	5.9604159999999995	27.595007999999975
9.849999999999996	58.64599999999993	2.5090576000000007	5.9604159999999995	27.595007999999975
9.866666666666664	58.64599999999993	2.5090576000000007	5.9604159999999995	27.595007999999975
9.88333333333333	59.27375999999993	2.5090576000000007	7.06112	27.122063999999977
9.899999999999997	59.27375999999993	2.5090576000000007	7.06112	27.122063999999977
9.916666666666664	59.27375999999993	2.5090576000000007	7.06112	27.122063999999977
9.93333333333333	59.90151999999993	2.5090576000000007	7.68888	27.122063999999977
9.949999999999998	59.90151999999993	2.5090576000000007	7.68888	27.122063999999977
9.966666666666663	59.90151999999993	2.5090576000000007	7.68888	27.122063999999977
9.98333333333333	60.52927999999993	2.5090576000000007	8.31664	27.122063999999977
9.999999999999996	60.52927999999993	2.5090576000000007	8.31664	27.122063999999977
10.016666666666664	60.52927999999993	2.5714560000000013	8.31664	26.498079999999977
10.03333333333333	61.157039999999924	2.5714560000000013	8.9444	26.498079999999977
10.049999999999997	61.157039999999924	2.5714560000000013	8.9444	26.498079999999977
10.066666666666663	61.157039999999924	2.5714560000000013	8.9444	26.498079999999977
10.08333333333333	61.784799999999926	2.5714560000000013	8.9444	27.125839999999975
10.099999999999996	61.784799999999926	2.5714560000000013	8.9444	27.125839999999975
10.116666666666664	61.784799999999926	2.5714560000000013	8.9444	27.125839999999975
10.13333333333333	62.41255999999992	2.5714560000000013	8.9444	27.753599999999977
10.149999999999997	62.41255999999992	2.5714560000000013	8.9444	27.753599999999977
10.166666666666664	62.41255999999992	2.5714560000000013	8.9444	27.753599999999977
10.18333333333333	63.04031999999992	2.5714560000000013	8.9444	28.381359999999976
10.199999999999998	63.04031999999992	2.5714560000000013	8.9444	28.381359999999976
10.216666666666663	63.04031999999992	2.5714560000000013	8.9444	28.381359999999976
10.23333333333333	63.66807999999992	2.5714560000000013	8.9444	29.009119999999978
10.249999999999996	63.66807999999992	2.5714560000000013	8.9444	29.009119999999978
10.266666666666664	63.66807999999992	2.5714560000000013	8.9444	29.009119999999978
10.28333333333333	63.66807999999992	2.5714560000000013	8.9444	29.009119999999978
10.299999999999997	64.29583999999993	2.5714560000000013	8.320416	30.260863999999977
10.316666666666663	64.29583999999993	2.6342320000000012	8.320416	29.633103999999978
10.33333333333333	64.92359999999992	2.6342320000000012	8.320416	30.260863999999977
10.349999999999996	64.92359999999992	2.6342320000000012	8.320416	30.260863999999977
10.366666666666664	64.92359999999992	2.6342320000000012	8.320416	30.260863999999977
10.38333333333333	65.55135999999993	2.6342320000000012	8.320416	30.88862399999998
10.399999999999997	65.55135999999993	2.6342320000000012	8.320416	30.88862399999998
10.416666666666664	65.55135999999993	2.6342320000000012	8.320416	30.88862399999998
10.43333333333333	66.17911999999993	2.6342320000000012	8.320416	31.516383999999977
10.449999999999998	66.17911999999993	2.6342320000000012	8.320416	31.516383999999977
10.466666666666663	66.17911999999993	2.6342320000000012	8.320416	31.516383999999977
10.48333333333333	66.80687999999994	2.586937600000001	8.320416	32.61708799999998
10.499999999999996	66.80687999999994	2.586937600000001	8.320416	32.61708799999998
10.516666666666664	66.80687999999994	2.586937600000001	8.79336	32.14414399999998
10.53333333333333	66.80687999999994	2.586937600000001	8.79336	32.14414399999998
10.549999999999997	67.43463999999993	2.586937600000001	8.79336	32.77190399999998
10.566666666666663	67.43463999999993	2.6493360000000012	8.79336	32.14791999999998
10.58333333333333	67.43463999999993	2.6493360000000012	8.79336	32.14791999999998
10.599999999999996	68.06239999999994	2.6493360000000012	8.79336	32.77567999999998
10.616666666666664	68.06239999999994	2.6493360000000012	8.79336	32.77567999999998
10.63333333333333	68.06239999999994	2.6493360000000012	8.79336	32.77567999999998
10.649999999999997	68.69015999999993	2.6493360000000012	7.53784	34.65895999999998
10.666666666666663	68.69015999999993	2.6493360000000012	7.53784	34.65895999999998
10.68333333333333	68.69015999999993	2.6493360000000012	7.53784	34.65895999999998
10.699999999999998	69.31791999999994	2.6493360000000012	7.53784	35.286719999999974
10.716666666666663	69.31791999999994	2.6493360000000012	7.53784	35.286719999999974
10.73333333333333	69.31791999999994	2.6493360000000012	7.53784	35.286719999999974
10.749999999999996	69.94567999999994	2.6493360000000012	7.53784	35.914479999999976
10.766666666666664	69.94567999999994	2.6493360000000012	7.53784	35.914479999999976
10.78333333333333	69.94567999999994	2.6493360000000012	7.53784	35.914479999999976
10.799999999999997	69.94567999999994	2.6493360000000012	7.53784	35.914479999999976
10.816666666666663	70.57343999999995	2.6493360000000012	7.53784	36.54223999999997
10.83333333333333	70.57343999999995	2.6493360000000012	6.913856	37.16622399999997
10.849999999999996	70.57343999999995	2.6493360000000012	6.913856	37.16622399999997
10.866666666666664	71.20119999999994	2.7121120000000016	6.913856	37.16622399999997
10.88333333333333	71.20119999999994	2.7121120000000016	6.913856	37.16622399999997
10.899999999999997	71.20119999999994	2.7121120000000016	6.913856	37.16622399999997
10.916666666666663	71.20119999999994	2.7121120000000016	6.913856	37.16622399999997
10.93333333333333	71.20119999999994	2.7121120000000016	6.913856	37.16622399999997
10.949999999999996	71.20119999999994	2.7121120000000016	6.913856	37.16622399999997
10.966666666666663	71.20119999999994	2.7121120000000016	6.913856	37.16622399999997
10.98333333333333	71.20119999999994	2.7121120000000016	6.913856	37.16622399999997
10.999999999999996	71.20119999999994	2.7121120000000016	6.913856	37.16622399999997
11.016666666666664	71.20119999999994	2.7121120000000016	6.913856	37.16622399999997
11.03333333333333	71.20119999999994	2.7121120000000016	6.913856	37.16622399999997
11.049999999999997	71.20119999999994	2.7121120000000016	6.913856	37.16622399999997
11.066666666666663	70.72825599999994	2.6648176000000015	6.913856	37.16622399999997
11.08333333333333	70.72825599999994	2.6648176000000015	6.913856	37.16622399999997
11.099999999999996	70.72825599999994	2.6648176000000015	7.53784	36.54223999999997
11.116666666666664	70.72825599999994	2.7275936000000014	7.53784	35.914479999999976
11.13333333333333	70.25531199999995	2.680299200000001	7.53784	35.914479999999976
11.149999999999997	70.25531199999995	2.680299200000001	7.53784	35.914479999999976
11.166666666666663	70.25531199999995	2.680299200000001	7.53784	35.914479999999976
11.18333333333333	69.78236799999995	2.585710400000001	7.53784	36.387423999999974
11.199999999999996	69.78236799999995	2.585710400000001	7.53784	36.387423999999974
11.216666666666663	69.78236799999995	2.585710400000001	7.53784	36.387423999999974
11.23333333333333	69.30942399999995	2.5384160000000007	8.010784	35.914479999999976
11.249999999999996	69.30942399999995	2.5384160000000007	8.010784	35.914479999999976
11.266666666666664	69.30942399999995	2.5384160000000007	8.010784	35.914479999999976
11.28333333333333	68.83647999999995	2.4911216000000005	8.010784	35.914479999999976
11.299999999999997	68.83647999999995	2.4911216000000005	8.010784	35.914479999999976
11.316666666666663	68.83647999999995	2.4911216000000005	8.010784	35.914479999999976
11.33333333333333	68.36353599999995	2.4438272000000003	8.010784	35.914479999999976
11.349999999999996	68.36353599999995	2.4438272000000003	8.010784	35.914479999999976
11.366666666666664	67.89059199999996	2.4438272000000003	8.010784	35.44153599999998
11.38333333333333	67.89059199999996	2.3814288	8.010784	36.06551999999998
11.399999999999997	67.89059199999996	2.3814288	8.010784	36.06551999999998
11.416666666666663	67.41764799999996	2.3814288	8.010784	35.59257599999998
11.43333333333333	67.41764799999996	2.3814288	8.010784	35.59257599999998
11.449999999999996	67.41764799999996	2.3814288	8.010784	35.59257599999998
11.466666666666663	66.94470399999996	2.3814288	8.010784	35.11963199999998
11.48333333333333	66.94470399999996	2.3814288	7.383024	35.74739199999998
11.499999999999996	66.94470399999996	2.3814288	7.383024	35.74739199999998
11.516666666666664	66.94470399999996	2.3814288	7.383024	35.74739199999998
11.53333333333333	66.47175999999996	2.3814288	7.383024	35.27444799999998
11.549999999999997	66.47175999999996	2.3814288	7.383024	35.27444799999998
11.566666666666663	66.47175999999996	2.3814288	7.383024	35.27444799999998
11.58333333333333	65.99881599999996	2.3814288	7.383024	34.80150399999998
11.599999999999996	65.99881599999996	2.3814288	8.007007999999999	34.17751999999998
11.616666666666664	65.99881599999996	2.3814288	8.007007999999999	34.17751999999998
11.63333333333333	65.52587199999996	2.3814288	8.007007999999999	33.70457599999998
11.649999999999997	65.52587199999996	2.3814288	8.007007999999999	33.70457599999998
11.666666666666663	65.52587199999996	2.3814288	7.379248	34.332335999999984
11.68333333333333	65.05292799999997	2.4442048000000005	7.379248	33.23163199999998
11.699999999999996	65.05292799999997	2.4442048000000005	7.379248	33.23163199999998
11.716666666666663	65.05292799999997	2.4442048000000005	7.379248	33.23163199999998
11.733333333333329	64.57998399999997	2.4442048000000005	7.379248	32.758687999999985
11.749999999999996	64.57998399999997	2.4442048000000005	7.379248	32.758687999999985
11.766666666666664	64.10703999999997	2.4442048000000005	7.379248	32.28574399999999
11.78333333333333	64.10703999999997	2.4442048000000005	7.379248	32.28574399999999
11.799999999999997	64.10703999999997	2.4442048000000005	7.379248	32.28574399999999
11.816666666666663	64.10703999999997	2.4442048000000005	7.379248	32.28574399999999
11.83333333333333	63.63409599999997	2.4442048000000005	7.379248	31.81279999999999
11.849999999999996	63.63409599999997	2.4442048000000005	7.379248	31.81279999999999
11.866666666666664	63.63409599999997	2.5069808000000005	7.379248	31.18503999999999
11.88333333333333	63.63409599999997	2.5069808000000005	7.379248	31.18503999999999
11.899999999999997	63.16115199999997	2.4445824000000003	7.379248	31.336079999999992
11.916666666666663	63.16115199999997	2.4445824000000003	7.379248	31.336079999999992
11.93333333333333	63.16115199999997	2.4445824000000003	7.379248	31.336079999999992
11.949999999999996	62.688207999999975	2.4445824000000003	7.379248	30.863135999999994
11.966666666666663	62.688207999999975	2.4445824000000003	7.379248	30.863135999999994
11.983333333333329	62.688207999999975	2.4445824000000003	7.379248	30.863135999999994
11.999999999999996	62.215263999999976	2.4445824000000003	7.379248	30.390191999999995
12.016666666666662	62.215263999999976	2.4445824000000003	7.379248	30.390191999999995
12.03333333333333	62.215263999999976	2.4445824000000003	7.379248	30.390191999999995
12.049999999999997	62.215263999999976	2.4445824000000003	7.379248	30.390191999999995
12.066666666666663	61.74231999999998	2.4445824000000003	7.379248	29.917247999999997
12.08333333333333	61.74231999999998	2.4445824000000003	7.379248	29.917247999999997
12.099999999999996	61.74231999999998	2.4445824000000003	8.003231999999999	29.293263999999997
12.116666666666664	61.26937599999998	2.4445824000000003	8.003231999999999	28.82032
12.13333333333333	61.26937599999998	2.4445824000000003	8.003231999999999	28.82032
12.149999999999997	61.26937599999998	2.4445824000000003	8.003231999999999	28.82032
12.166666666666663	60.79643199999998	2.4445824000000003	7.530288	28.82032
12.18333333333333	60.79643199999998	2.4445824000000003	7.530288	28.82032
12.199999999999996	60.79643199999998	2.4445824000000003	7.530288	28.82032
12.216666666666663	60.32348799999998	2.4445824000000003	7.057344	28.82032
12.233333333333329	60.32348799999998	2.4445824000000003	7.057344	28.82032
12.249999999999996	60.32348799999998	2.4445824000000003	6.429584	29.448079999999997
12.266666666666662	59.850543999999985	2.4445824000000003	5.95664	29.448079999999997
12.28333333333333	59.850543999999985	2.4445824000000003	5.95664	29.448079999999997
12.299999999999997	59.850543999999985	2.4445824000000003	5.95664	29.448079999999997
12.316666666666663	59.37759999999999	2.4445824000000003	5.483696	29.448079999999997
12.33333333333333	59.37759999999999	2.4445824000000003	5.483696	29.448079999999997
12.349999999999996	59.37759999999999	2.4445824000000003	5.483696	29.448079999999997
12.366666666666664	58.90465599999999	2.4445824000000003	5.010752	29.448079999999997
12.38333333333333	58.90465599999999	2.4445824000000003	5.010752	29.448079999999997
12.399999999999997	58.90465599999999	2.4445824000000003	5.010752	29.448079999999997
12.416666666666663	58.90465599999999	2.4445824000000003	5.010752	29.448079999999997
12.43333333333333	58.43171199999999	2.3348896	5.010752	30.072063999999997
12.449999999999996	58.43171199999999	2.3348896	5.010752	30.072063999999997
12.466666666666663	58.43171199999999	2.3348896	5.010752	30.072063999999997
12.483333333333329	57.95876799999999	2.2875951999999997	5.010752	30.072063999999997
12.499999999999996	57.95876799999999	2.2875951999999997	5.010752	30.072063999999997
12.516666666666662	57.95876799999999	2.2875951999999997	5.010752	30.072063999999997
12.53333333333333	57.95876799999999	2.2875951999999997	5.010752	30.072063999999997
12.549999999999997	57.485823999999994	2.2403007999999995	5.010752	30.072063999999997
12.566666666666663	57.485823999999994	2.3658528	5.010752	28.816544
12.58333333333333	57.485823999999994	2.3658528	5.010752	28.816544
12.599999999999996	57.012879999999996	2.3185583999999997	5.010752	28.816544
12.616666666666664	57.012879999999996	2.3185583999999997	5.634736	28.19256
12.63333333333333	57.012879999999996	2.3185583999999997	5.634736	28.19256
12.649999999999997	57.012879999999996	2.3185583999999997	5.634736	28.19256
12.666666666666663	56.388895999999995	2.2561599999999995	5.006976	28.82032
12.68333333333333	56.388895999999995	2.2561599999999995	5.006976	28.82032
12.699999999999996	56.388895999999995	2.2561599999999995	5.006976	28.82032
12.716666666666663	55.764911999999995	2.1937615999999993	5.006976	28.82032
12.733333333333329	55.764911999999995	2.1937615999999993	5.006976	28.82032
12.749999999999996	55.764911999999995	2.1937615999999993	5.006976	28.82032
12.766666666666662	55.764911999999995	2.1937615999999993	5.006976	28.82032
12.78333333333333	55.140927999999995	2.131363199999999	5.006976	28.82032
12.799999999999995	55.140927999999995	2.131363199999999	5.006976	28.82032
12.816666666666663	55.140927999999995	2.131363199999999	5.006976	28.82032
12.83333333333333	54.516943999999995	2.068964799999999	5.006976	28.82032
12.849999999999996	54.516943999999995	2.068964799999999	5.006976	28.82032
12.866666666666664	54.516943999999995	2.068964799999999	5.006976	28.82032
12.88333333333333	54.516943999999995	2.068964799999999	5.006976	28.82032
12.899999999999997	53.892959999999995	2.0065663999999988	5.006976	28.82032
12.916666666666663	53.892959999999995	2.0065663999999988	4.379216	29.448079999999997
12.93333333333333	53.892959999999995	2.0065663999999988	4.379216	29.448079999999997
12.949999999999996	53.268975999999995	1.9441679999999988	4.379216	29.448079999999997
12.966666666666663	53.268975999999995	1.9441679999999988	4.379216	29.448079999999997
12.983333333333329	53.268975999999995	1.8817695999999988	4.379216	30.072063999999997
12.999999999999996	53.268975999999995	1.8817695999999988	4.379216	30.072063999999997
13.016666666666662	52.644991999999995	1.8817695999999988	4.379216	29.448079999999997
13.03333333333333	52.644991999999995	1.8817695999999988	4.379216	29.448079999999997
13.049999999999995	52.644991999999995	1.8817695999999988	4.379216	29.448079999999997
13.066666666666663	52.644991999999995	1.8817695999999988	4.379216	29.448079999999997
13.083333333333329	52.021007999999995	1.8817695999999988	4.379216	28.824095999999997
13.099999999999996	52.021007999999995	1.8817695999999988	4.379216	28.824095999999997
13.116666666666664	52.021007999999995	1.8817695999999988	4.379216	28.824095999999997
13.13333333333333	52.021007999999995	1.8817695999999988	4.379216	28.824095999999997
13.149999999999997	51.397023999999995	1.8817695999999988	4.379216	28.200111999999997
13.166666666666663	51.397023999999995	1.8817695999999988	5.0032000000000005	27.576127999999997
13.18333333333333	51.397023999999995	1.8817695999999988	5.0032000000000005	27.576127999999997
13.199999999999996	50.773039999999995	1.8817695999999988	5.0032000000000005	26.952143999999997
13.216666666666663	50.773039999999995	1.8817695999999988	5.63096	26.324384
13.233333333333329	50.773039999999995	1.8817695999999988	5.63096	26.324384
13.249999999999996	50.149055999999995	1.8817695999999988	5.63096	25.7004
13.266666666666662	50.149055999999995	1.8817695999999988	5.63096	25.7004
13.28333333333333	50.149055999999995	1.8817695999999988	5.63096	25.7004
13.299999999999995	50.149055999999995	1.8817695999999988	5.63096	25.7004
13.316666666666663	49.525071999999994	1.8817695999999988	5.63096	25.076416
13.333333333333329	49.525071999999994	1.8817695999999988	5.63096	25.076416
13.349999999999996	49.525071999999994	1.8817695999999988	5.63096	25.076416
13.366666666666664	49.525071999999994	1.8817695999999988	5.63096	25.076416
13.38333333333333	48.901087999999994	1.8817695999999988	5.63096	24.452431999999998
13.399999999999997	48.901087999999994	1.8817695999999988	5.63096	24.452431999999998
13.416666666666663	48.901087999999994	1.9445455999999988	5.63096	23.824672
13.43333333333333	48.901087999999994	1.9445455999999988	5.63096	23.824672
13.449999999999996	48.277103999999994	1.9445455999999988	5.63096	23.200688
13.466666666666663	48.277103999999994	1.9445455999999988	5.63096	23.200688
13.483333333333329	48.277103999999994	1.9445455999999988	5.63096	23.200688
13.499999999999996	47.653119999999994	1.9445455999999988	5.63096	22.576704
13.516666666666662	47.653119999999994	1.8817695999999988	5.63096	23.204463999999998
13.53333333333333	47.653119999999994	1.8817695999999988	5.63096	23.204463999999998
13.549999999999995	47.653119999999994	1.8817695999999988	5.63096	23.204463999999998
13.566666666666663	47.029135999999994	1.8817695999999988	5.63096	22.580479999999998
13.583333333333329	47.029135999999994	1.8817695999999988	5.63096	22.580479999999998
13.599999999999996	47.029135999999994	1.8817695999999988	5.63096	22.580479999999998
13.616666666666664	47.029135999999994	1.8817695999999988	5.0032000000000005	23.208239999999996
13.63333333333333	46.405151999999994	1.8817695999999988	5.0032000000000005	22.584255999999996
13.649999999999997	46.405151999999994	1.8817695999999988	5.0032000000000005	22.584255999999996
13.666666666666663	46.405151999999994	1.8817695999999988	5.0032000000000005	22.584255999999996
13.68333333333333	46.405151999999994	1.8817695999999988	5.0032000000000005	22.584255999999996
13.699999999999996	45.781167999999994	1.8817695999999988	5.0032000000000005	21.960271999999996
13.716666666666663	45.781167999999994	1.8817695999999988	5.0032000000000005	21.960271999999996
13.733333333333329	45.781167999999994	1.8817695999999988	5.0032000000000005	21.960271999999996
13.749999999999996	45.781167999999994	1.8817695999999988	5.0032000000000005	21.960271999999996
13.766666666666662	45.157183999999994	1.8817695999999988	5.0032000000000005	21.336287999999996
13.78333333333333	45.157183999999994	1.8817695999999988	5.627184000000001	20.712303999999996
13.799999999999995	45.157183999999994	1.8817695999999988	6.254944	20.084543999999998
13.816666666666663	45.157183999999994	1.8817695999999988	6.254944	20.084543999999998
13.833333333333329	44.533199999999994	1.8817695999999988	6.254944	19.460559999999997
13.849999999999996	44.533199999999994	1.8817695999999988	6.254944	19.460559999999997
13.866666666666662	44.533199999999994	1.8817695999999988	6.254944	19.460559999999997
13.88333333333333	44.533199999999994	1.8817695999999988	6.254944	19.460559999999997
13.899999999999995	43.909215999999994	1.8817695999999988	5.63096	19.460559999999997
13.916666666666664	43.909215999999994	1.8817695999999988	5.63096	19.460559999999997
13.93333333333333	43.909215999999994	1.8817695999999988	5.63096	19.460559999999997
13.949999999999996	43.909215999999994	1.8817695999999988	5.63096	19.460559999999997
13.966666666666661	43.909215999999994	1.8817695999999988	5.63096	19.460559999999997
13.98333333333333	43.28523199999999	1.8817695999999988	5.006976	19.460559999999997
13.999999999999996	43.28523199999999	1.8817695999999988	5.006976	19.460559999999997
14.016666666666662	43.28523199999999	1.8817695999999988	5.006976	19.460559999999997
14.033333333333328	43.28523199999999	1.8817695999999988	5.006976	19.460559999999997
14.049999999999997	42.66124799999999	1.8189935999999989	4.382992	20.088319999999996
14.066666666666663	42.66124799999999	1.8189935999999989	4.382992	20.088319999999996
14.083333333333329	42.66124799999999	1.8189935999999989	4.382992	20.088319999999996
14.099999999999994	42.66124799999999	1.8189935999999989	4.382992	20.088319999999996
14.116666666666664	42.03726399999999	1.8189935999999989	3.759008	20.088319999999996
14.13333333333333	42.03726399999999	1.8189935999999989	3.759008	20.088319999999996
14.149999999999995	42.03726399999999	1.8189935999999989	3.759008	20.088319999999996
14.166666666666664	42.03726399999999	1.8189935999999989	3.759008	20.088319999999996
14.18333333333333	41.41327999999999	1.8189935999999989	3.135024	20.088319999999996
14.199999999999996	41.41327999999999	1.8189935999999989	3.135024	20.088319999999996
14.216666666666661	41.41327999999999	1.8189935999999989	3.135024	20.088319999999996
14.23333333333333	41.41327999999999	1.8817695999999988	3.135024	19.460559999999997
14.249999999999996	40.78929599999999	1.8817695999999988	2.51104	19.460559999999997
14.266666666666662	40.78929599999999	1.8817695999999988	2.51104	19.460559999999997
14.283333333333328	40.78929599999999	1.8817695999999988	2.51104	19.460559999999997
14.299999999999997	40.78929599999999	1.8817695999999988	2.51104	19.460559999999997
14.316666666666663	40.78929599999999	1.8817695999999988	2.51104	19.460559999999997
14.333333333333329	40.16531199999999	1.8193711999999989	2.51104	19.460559999999997
14.349999999999994	40.16531199999999	1.8193711999999989	2.51104	19.460559999999997
14.366666666666664	40.16531199999999	1.8193711999999989	3.1388	18.8328
14.38333333333333	40.16531199999999	1.8193711999999989	3.1388	18.8328
14.399999999999995	39.54132799999999	1.756972799999999	3.1388	18.8328
14.416666666666664	39.54132799999999	1.756972799999999	3.1388	18.8328
14.43333333333333	39.54132799999999	1.756972799999999	3.1388	18.8328
14.449999999999996	38.91734399999999	1.694574399999999	3.1388	18.8328
14.466666666666661	38.91734399999999	1.694574399999999	3.1388	18.8328
14.48333333333333	38.91734399999999	1.694574399999999	3.1388	18.8328
14.499999999999996	38.91734399999999	1.694574399999999	3.1388	18.8328
14.516666666666662	38.91734399999999	1.694574399999999	2.51104	19.460559999999997
14.533333333333328	38.29335999999999	1.632175999999999	2.51104	19.460559999999997
14.549999999999997	38.29335999999999	1.632175999999999	2.51104	19.460559999999997
14.566666666666663	38.29335999999999	1.632175999999999	2.51104	19.460559999999997
14.583333333333329	38.29335999999999	1.569399999999999	2.51104	20.088319999999996
14.599999999999994	37.66559999999999	1.506623999999999	2.51104	20.088319999999996
14.616666666666664	37.66559999999999	1.506623999999999	2.51104	20.088319999999996
14.63333333333333	37.66559999999999	1.506623999999999	2.51104	20.088319999999996
14.649999999999995	37.66559999999999	1.506623999999999	2.51104	20.088319999999996
14.66666666666666	37.66559999999999	1.506623999999999	2.51104	20.088319999999996
14.68333333333333	37.03783999999999	1.4438479999999991	2.51104	20.088319999999996
14.699999999999996	37.03783999999999	1.4438479999999991	2.51104	20.088319999999996
14.716666666666661	37.03783999999999	1.4438479999999991	2.51104	20.088319999999996
14.73333333333333	37.03783999999999	1.4438479999999991	2.51104	20.088319999999996
14.749999999999996	36.41007999999999	1.3810719999999992	2.51104	20.088319999999996
14.766666666666662	36.41007999999999	1.3810719999999992	2.51104	20.088319999999996
14.783333333333328	36.41007999999999	1.3810719999999992	2.51104	20.088319999999996
14.799999999999997	36.41007999999999	1.3810719999999992	2.51104	20.088319999999996
14.816666666666663	36.41007999999999	1.3810719999999992	2.51104	20.088319999999996
14.833333333333329	35.782319999999984	1.3182959999999992	2.51104	20.088319999999996
14.849999999999994	35.782319999999984	1.3182959999999992	2.51104	20.088319999999996
14.866666666666664	35.782319999999984	1.3182959999999992	2.51104	20.088319999999996
14.88333333333333	35.782319999999984	1.3182959999999992	3.1388	19.460559999999997
14.899999999999995	35.15455999999998	1.2555199999999993	3.1388	19.460559999999997
14.91666666666666	35.15455999999998	1.2555199999999993	3.1388	19.460559999999997
14.93333333333333	35.15455999999998	1.2555199999999993	3.1388	19.460559999999997
14.949999999999996	35.15455999999998	1.2555199999999993	3.1388	19.460559999999997
14.966666666666661	35.15455999999998	1.2555199999999993	3.1388	19.460559999999997
14.98333333333333	34.52679999999998	1.1927439999999994	3.1388	19.460559999999997
14.999999999999996	34.52679999999998	1.1927439999999994	3.7665599999999997	18.8328
15.016666666666662	34.52679999999998	1.1927439999999994	3.7665599999999997	18.8328
15.033333333333328	34.52679999999998	1.1927439999999994	3.7665599999999997	18.8328
15.049999999999997	33.89903999999998	1.1299679999999994	3.7665599999999997	18.8328
15.066666666666663	33.89903999999998	1.1299679999999994	3.7665599999999997	18.8328
15.083333333333329	33.89903999999998	1.1299679999999994	3.7665599999999997	18.8328
15.099999999999994	33.89903999999998	1.1299679999999994	3.7665599999999997	18.8328
15.116666666666664	33.89903999999998	1.1299679999999994	3.7665599999999997	18.8328
15.13333333333333	33.271279999999976	1.1299679999999994	3.7665599999999997	18.20504
15.149999999999995	33.271279999999976	1.1299679999999994	3.7665599999999997	18.20504
15.16666666666666	33.271279999999976	1.1299679999999994	3.7665599999999997	18.20504
15.18333333333333	33.271279999999976	1.1299679999999994	3.7665599999999997	18.20504
15.199999999999996	33.271279999999976	1.1299679999999994	3.7665599999999997	18.20504
15.216666666666661	32.643519999999974	1.1299679999999994	3.7665599999999997	17.577280000000002
15.23333333333333	32.643519999999974	1.1299679999999994	3.7665599999999997	17.577280000000002
15.249999999999996	32.643519999999974	1.1299679999999994	3.7665599999999997	17.577280000000002
15.266666666666662	32.643519999999974	1.1299679999999994	3.7665599999999997	17.577280000000002
15.283333333333328	32.01575999999997	1.1299679999999994	3.7665599999999997	16.949520000000003
15.299999999999997	32.01575999999997	1.1299679999999994	3.1388	17.577280000000002
15.316666666666663	32.01575999999997	1.1299679999999994	3.1388	17.577280000000002
15.333333333333329	32.01575999999997	1.1299679999999994	3.1388	17.577280000000002
15.349999999999994	32.01575999999997	1.1299679999999994	3.1388	17.577280000000002
15.366666666666664	31.38799999999997	1.1299679999999994	3.1388	16.949520000000003
15.38333333333333	31.38799999999997	1.1299679999999994	3.1388	16.949520000000003
15.399999999999995	31.38799999999997	1.1299679999999994	3.7665599999999997	16.321760000000005
15.41666666666666	31.38799999999997	1.1299679999999994	3.7665599999999997	16.321760000000005
15.43333333333333	31.38799999999997	1.1299679999999994	3.7665599999999997	16.321760000000005
15.449999999999996	30.76023999999997	1.1299679999999994	3.7665599999999997	15.694000000000004
15.466666666666661	30.76023999999997	1.1299679999999994	3.7665599999999997	15.694000000000004
15.483333333333327	30.76023999999997	1.1299679999999994	3.7665599999999997	15.694000000000004
15.499999999999996	30.76023999999997	1.1299679999999994	3.7665599999999997	15.694000000000004
15.516666666666662	30.76023999999997	1.1299679999999994	3.7665599999999997	15.694000000000004
15.533333333333328	30.132479999999973	1.1299679999999994	3.7665599999999997	15.066240000000004
15.549999999999997	30.132479999999973	1.1299679999999994	3.7665599999999997	15.066240000000004
15.566666666666663	30.132479999999973	1.1299679999999994	3.7665599999999997	15.066240000000004
15.583333333333329	30.132479999999973	1.1299679999999994	3.7665599999999997	15.066240000000004
15.599999999999994	29.504719999999974	1.1299679999999994	3.7665599999999997	14.438480000000004
15.616666666666664	29.504719999999974	1.1299679999999994	3.7665599999999997	14.438480000000004
15.63333333333333	29.504719999999974	1.1299679999999994	3.7665599999999997	14.438480000000004
15.649999999999995	29.504719999999974	1.1299679999999994	3.7665599999999997	14.438480000000004
15.66666666666666	29.504719999999974	1.1299679999999994	3.7665599999999997	14.438480000000004
15.68333333333333	28.876959999999976	1.1299679999999994	3.7665599999999997	13.810720000000003
15.699999999999996	28.876959999999976	1.1299679999999994	3.7665599999999997	13.810720000000003
15.716666666666661	28.876959999999976	1.1299679999999994	3.7665599999999997	13.810720000000003
15.733333333333327	28.876959999999976	1.1299679999999994	4.39432	13.182960000000003
15.749999999999996	28.249199999999977	1.1299679999999994	4.39432	12.555200000000003
15.766666666666662	28.249199999999977	1.1299679999999994	4.39432	12.555200000000003
15.783333333333328	28.249199999999977	1.1299679999999994	4.39432	12.555200000000003
15.799999999999997	28.249199999999977	1.1299679999999994	4.39432	12.555200000000003
15.816666666666663	28.249199999999977	1.1299679999999994	4.39432	12.555200000000003
15.833333333333329	27.62143999999998	1.1299679999999994	4.39432	11.927440000000002
15.849999999999994	27.62143999999998	1.1299679999999994	4.39432	11.927440000000002
15.866666666666664	27.62143999999998	1.1299679999999994	4.39432	11.927440000000002
15.88333333333333	27.62143999999998	1.1299679999999994	4.39432	11.927440000000002
15.899999999999995	27.62143999999998	1.1299679999999994	4.39432	11.927440000000002
15.91666666666666	26.99367999999998	1.1299679999999994	4.39432	11.299680000000002
15.93333333333333	26.99367999999998	1.1299679999999994	5.02208	10.671920000000002
15.949999999999996	26.99367999999998	1.1299679999999994	5.02208	10.671920000000002
15.966666666666661	26.99367999999998	1.1299679999999994	5.02208	10.671920000000002
15.983333333333327	26.99367999999998	1.1299679999999994	5.02208	10.671920000000002
15.999999999999996	26.36591999999998	1.1299679999999994	5.02208	10.044160000000002
16.016666666666662	26.36591999999998	1.0671919999999995	5.02208	10.671920000000002
16.033333333333328	26.36591999999998	1.0671919999999995	5.02208	10.671920000000002
16.049999999999997	26.36591999999998	1.0671919999999995	5.02208	10.671920000000002
16.066666666666663	26.36591999999998	1.0671919999999995	5.02208	10.671920000000002
16.08333333333333	25.738159999999983	1.0671919999999995	5.02208	10.044160000000002
16.099999999999994	25.738159999999983	1.0671919999999995	5.02208	10.044160000000002
16.116666666666664	25.738159999999983	1.0671919999999995	5.02208	10.044160000000002
16.13333333333333	25.738159999999983	1.0671919999999995	5.02208	10.044160000000002
16.149999999999995	25.738159999999983	1.0671919999999995	5.02208	10.044160000000002
16.16666666666666	25.110399999999984	1.0671919999999995	4.39432	10.044160000000002
16.18333333333333	25.110399999999984	1.0671919999999995	4.39432	10.044160000000002
16.199999999999996	25.110399999999984	1.0671919999999995	4.39432	10.044160000000002
16.21666666666666	25.110399999999984	1.0671919999999995	4.39432	10.044160000000002
16.233333333333327	25.110399999999984	1.0671919999999995	4.39432	10.044160000000002
16.249999999999996	24.482639999999986	1.0671919999999995	3.7665599999999997	10.044160000000002
16.266666666666662	24.482639999999986	1.0671919999999995	3.7665599999999997	10.044160000000002
16.283333333333328	24.482639999999986	1.0671919999999995	3.7665599999999997	10.044160000000002
16.299999999999997	24.482639999999986	1.0671919999999995	3.7665599999999997	10.044160000000002
16.316666666666663	24.482639999999986	1.0671919999999995	3.7665599999999997	10.044160000000002
16.33333333333333	23.854879999999987	1.0671919999999995	3.1388	10.044160000000002
16.349999999999994	23.854879999999987	1.0671919999999995	3.1388	10.044160000000002
16.366666666666664	23.854879999999987	1.0671919999999995	3.1388	10.044160000000002
16.38333333333333	23.854879999999987	1.0671919999999995	3.1388	10.044160000000002
16.399999999999995	23.854879999999987	1.0671919999999995	3.7665599999999997	9.416400000000001
16.41666666666666	23.22711999999999	1.0671919999999995	3.1388	9.416400000000001
16.43333333333333	23.22711999999999	1.0671919999999995	3.1388	9.416400000000001
16.449999999999996	23.22711999999999	1.0671919999999995	3.1388	9.416400000000001
16.46666666666666	23.22711999999999	1.0671919999999995	3.1388	9.416400000000001
16.483333333333327	23.22711999999999	1.0671919999999995	3.1388	9.416400000000001
16.499999999999996	22.59935999999999	1.0671919999999995	2.51104	9.416400000000001
16.516666666666662	22.59935999999999	1.0671919999999995	2.51104	9.416400000000001
16.533333333333328	22.59935999999999	1.0671919999999995	2.51104	9.416400000000001
16.549999999999997	22.59935999999999	1.0671919999999995	2.51104	9.416400000000001
16.566666666666663	22.59935999999999	1.0671919999999995	2.51104	9.416400000000001
16.58333333333333	21.97159999999999	1.0671919999999995	1.88328	9.416400000000001
16.599999999999994	21.97159999999999	1.0671919999999995	1.88328	9.416400000000001
16.616666666666664	21.97159999999999	1.0671919999999995	1.88328	9.416400000000001
16.63333333333333	21.97159999999999	1.0671919999999995	1.88328	9.416400000000001
16.649999999999995	21.97159999999999	1.0044159999999995	1.88328	10.044160000000002
16.66666666666666	21.343839999999993	0.9416399999999996	1.88328	10.044160000000002
16.68333333333333	21.343839999999993	0.9416399999999996	1.88328	10.044160000000002
16.699999999999996	21.343839999999993	0.9416399999999996	1.88328	10.044160000000002
16.71666666666666	21.343839999999993	0.9416399999999996	1.88328	10.044160000000002
16.733333333333327	21.343839999999993	0.9416399999999996	1.88328	10.044160000000002
16.749999999999996	20.716079999999994	0.8788639999999996	1.88328	10.044160000000002
16.766666666666662	20.716079999999994	0.8788639999999996	1.88328	10.044160000000002
16.783333333333328	20.716079999999994	0.8788639999999996	1.88328	10.044160000000002
16.799999999999994	20.716079999999994	0.8788639999999996	1.88328	10.044160000000002
16.816666666666663	20.716079999999994	0.8788639999999996	1.88328	10.044160000000002
16.83333333333333	20.088319999999996	0.8160879999999997	1.88328	10.044160000000002
16.849999999999994	20.088319999999996	0.8160879999999997	1.88328	10.044160000000002
16.866666666666664	20.088319999999996	0.8160879999999997	1.88328	10.044160000000002
16.88333333333333	20.088319999999996	0.8160879999999997	1.88328	10.044160000000002
16.899999999999995	20.088319999999996	0.8160879999999997	1.88328	10.044160000000002
16.91666666666666	19.460559999999997	0.7533119999999998	1.88328	10.044160000000002
16.93333333333333	19.460559999999997	0.7533119999999998	1.88328	10.044160000000002
16.949999999999996	19.460559999999997	0.7533119999999998	1.88328	10.044160000000002
16.96666666666666	19.460559999999997	0.7533119999999998	1.88328	10.044160000000002
16.983333333333327	19.460559999999997	0.7533119999999998	1.88328	10.044160000000002
16.999999999999996	18.8328	0.6905359999999998	1.88328	10.044160000000002
17.016666666666662	18.8328	0.6905359999999998	1.88328	10.044160000000002
17.033333333333328	18.8328	0.6905359999999998	2.51104	9.416400000000001
17.049999999999994	18.8328	0.6905359999999998	2.51104	9.416400000000001
17.066666666666663	18.8328	0.6905359999999998	2.51104	9.416400000000001
17.08333333333333	18.20504	0.6277599999999999	2.51104	9.416400000000001
17.099999999999994	18.20504	0.6277599999999999	2.51104	9.416400000000001
17.116666666666664	18.20504	0.6277599999999999	2.51104	9.416400000000001
17.13333333333333	18.20504	0.6277599999999999	2.51104	9.416400000000001
17.149999999999995	18.20504	0.6277599999999999	2.51104	9.416400000000001
17.16666666666666	18.20504	0.6277599999999999	2.51104	9.416400000000001
17.18333333333333	17.577280000000002	0.5649839999999999	2.51104	9.416400000000001
17.199999999999996	17.577280000000002	0.5649839999999999	2.51104	9.416400000000001
17.21666666666666	17.577280000000002	0.5649839999999999	2.51104	9.416400000000001
17.233333333333327	17.577280000000002	0.502208	2.51104	10.044160000000002
17.249999999999996	16.949520000000003	0.439432	2.51104	10.044160000000002
17.266666666666662	16.949520000000003	0.439432	2.51104	10.044160000000002
17.283333333333328	16.949520000000003	0.439432	2.51104	10.044160000000002
17.299999999999994	16.949520000000003	0.439432	2.51104	10.044160000000002
17.316666666666663	16.949520000000003	0.439432	2.51104	10.044160000000002
17.33333333333333	16.321760000000005	0.376656	2.51104	10.044160000000002
17.349999999999994	16.321760000000005	0.376656	2.51104	10.044160000000002
17.366666666666664	16.321760000000005	0.376656	2.51104	10.044160000000002
17.38333333333333	16.321760000000005	0.376656	2.51104	10.044160000000002
17.399999999999995	16.321760000000005	0.376656	2.51104	10.044160000000002
17.41666666666666	15.694000000000004	0.31388	2.51104	10.044160000000002
17.43333333333333	15.694000000000004	0.31388	2.51104	10.044160000000002
17.449999999999996	15.694000000000004	0.31388	2.51104	10.044160000000002
17.46666666666666	15.694000000000004	0.31388	2.51104	10.044160000000002
17.483333333333327	15.694000000000004	0.31388	2.51104	10.044160000000002
17.499999999999996	15.066240000000004	0.31388	2.51104	9.416400000000001
17.516666666666662	15.066240000000004	0.31388	2.51104	9.416400000000001
17.533333333333328	15.066240000000004	0.31388	2.51104	9.416400000000001
17.549999999999994	15.066240000000004	0.31388	2.51104	9.416400000000001
17.566666666666663	15.066240000000004	0.31388	2.51104	9.416400000000001
17.58333333333333	15.066240000000004	0.31388	2.51104	9.416400000000001
17.599999999999994	14.438480000000004	0.31388	2.51104	8.788640000000001
17.61666666666666	14.438480000000004	0.31388	3.1388	8.16088
17.63333333333333	14.438480000000004	0.31388	3.1388	8.16088
17.649999999999995	14.438480000000004	0.31388	3.1388	8.16088
17.66666666666666	14.438480000000004	0.31388	3.1388	8.16088
17.68333333333333	13.810720000000003	0.31388	3.1388	7.533120000000001
17.699999999999996	13.810720000000003	0.31388	3.1388	7.533120000000001
17.71666666666666	13.810720000000003	0.31388	3.1388	7.533120000000001
17.733333333333327	13.810720000000003	0.31388	3.1388	7.533120000000001
17.749999999999996	13.810720000000003	0.31388	3.1388	7.533120000000001
17.766666666666662	13.182960000000003	0.31388	3.1388	6.905360000000001
17.783333333333328	13.182960000000003	0.31388	3.1388	6.905360000000001
17.799999999999994	13.182960000000003	0.31388	3.1388	6.905360000000001
17.816666666666663	13.182960000000003	0.31388	3.1388	6.905360000000001
17.83333333333333	13.182960000000003	0.31388	3.1388	6.905360000000001
17.849999999999994	12.555200000000003	0.31388	3.1388	6.2776000000000005
17.86666666666666	12.555200000000003	0.31388	3.1388	6.2776000000000005
17.88333333333333	12.555200000000003	0.31388	3.1388	6.2776000000000005
17.899999999999995	12.555200000000003	0.31388	3.1388	6.2776000000000005
17.91666666666666	12.555200000000003	0.31388	3.1388	6.2776000000000005
17.93333333333333	12.555200000000003	0.31388	3.1388	6.2776000000000005
17.949999999999996	11.927440000000002	0.31388	3.1388	5.64984
17.96666666666666	11.927440000000002	0.31388	3.1388	5.64984
17.983333333333327	11.927440000000002	0.31388	3.1388	5.64984
17.999999999999996	11.927440000000002	0.31388	3.1388	5.64984
18.016666666666662	11.927440000000002	0.31388	3.1388	5.64984
18.033333333333328	11.299680000000002	0.31388	3.1388	5.02208
18.049999999999994	11.299680000000002	0.31388	3.1388	5.02208
18.066666666666663	11.299680000000002	0.31388	3.1388	5.02208
18.08333333333333	11.299680000000002	0.31388	3.1388	5.02208
18.099999999999994	11.299680000000002	0.31388	3.1388	5.02208
18.11666666666666	10.671920000000002	0.31388	3.1388	4.39432
18.13333333333333	10.671920000000002	0.31388	3.1388	4.39432
18.149999999999995	10.671920000000002	0.31388	3.1388	4.39432
18.16666666666666	10.671920000000002	0.31388	3.7665599999999997	3.7665599999999997
18.18333333333333	10.671920000000002	0.31388	3.7665599999999997	3.7665599999999997
18.199999999999996	10.671920000000002	0.31388	3.7665599999999997	3.7665599999999997
18.21666666666666	10.044160000000002	0.31388	3.7665599999999997	3.1388
18.233333333333327	10.044160000000002	0.31388	3.7665599999999997	3.1388
18.249999999999996	10.044160000000002	0.31388	3.7665599999999997	3.1388
18.266666666666662	10.044160000000002	0.31388	3.7665599999999997	3.1388
18.283333333333328	10.044160000000002	0.31388	3.7665599999999997	3.1388
18.299999999999994	9.416400000000001	0.31388	3.7665599999999997	2.51104
18.316666666666663	9.416400000000001	0.31388	3.7665599999999997	2.51104
18.33333333333333	9.416400000000001	0.31388	3.7665599999999997	2.51104
18.349999999999994	9.416400000000001	0.31388	3.7665599999999997	2.51104
18.36666666666666	9.416400000000001	0.31388	3.7665599999999997	2.51104
18.38333333333333	8.788640000000001	0.31388	3.7665599999999997	1.88328
18.399999999999995	8.788640000000001	0.31388	3.7665599999999997	1.88328
18.41666666666666	8.788640000000001	0.31388	3.7665599999999997	1.88328
18.43333333333333	8.788640000000001	0.31388	3.7665599999999997	1.88328
18.449999999999996	8.788640000000001	0.31388	3.7665599999999997	1.88328
18.46666666666666	8.788640000000001	0.31388	3.7665599999999997	1.88328
18.483333333333327	8.16088	0.31388	3.7665599999999997	1.25552
18.499999999999996	8.16088	0.31388	3.7665599999999997	1.25552
18.516666666666662	8.16088	0.31388	3.7665599999999997	1.25552
18.533333333333328	8.16088	0.31388	3.7665599999999997	1.25552
18.549999999999994	8.16088	0.31388	3.7665599999999997	1.25552
18.566666666666663	7.533120000000001	0.31388	3.7665599999999997	0.62776
18.58333333333333	7.533120000000001	0.31388	3.7665599999999997	0.62776
18.599999999999994	7.533120000000001	0.31388	3.7665599999999997	0.62776
18.61666666666666	7.533120000000001	0.31388	3.7665599999999997	0.62776
18.63333333333333	7.533120000000001	0.31388	3.7665599999999997	0.62776
18.649999999999995	6.905360000000001	0.31388	3.7665599999999997	0.0
18.66666666666666	6.905360000000001	0.31388	3.7665599999999997	0.0
18.68333333333333	6.905360000000001	0.31388	3.7665599999999997	0.0
18.699999999999996	6.905360000000001	0.31388	3.7665599999999997	0.0
18.71666666666666	6.905360000000001	0.31388	3.7665599999999997	0.0
18.733333333333327	6.2776000000000005	0.31388	3.1388	0.0
18.749999999999996	6.2776000000000005	0.31388	3.1388	0.0
18.766666666666662	6.2776000000000005	0.31388	3.1388	0.0
18.783333333333328	6.2776000000000005	0.31388	3.1388	0.0
18.799999999999994	6.2776000000000005	0.31388	3.1388	0.0
18.816666666666663	5.64984	0.31388	2.51104	0.0
18.83333333333333	5.64984	0.31388	2.51104	0.0
18.849999999999994	5.64984	0.31388	2.51104	0.0
18.86666666666666	5.64984	0.31388	2.51104	0.0
18.88333333333333	5.64984	0.31388	2.51104	0.0
18.899999999999995	5.02208	0.31388	1.88328	0.0
18.91666666666666	5.02208	0.31388	1.88328	0.0
18.933333333333326	5.02208	0.31388	1.88328	0.0
18.949999999999996	5.02208	0.31388	1.88328	0.0
18.96666666666666	5.02208	0.31388	1.88328	0.0
18.983333333333327	5.02208	0.31388	1.88328	0.0
18.999999999999996	4.39432	0.31388	1.25552	0.0
19.016666666666662	4.39432	0.31388	1.25552	0.0
19.033333333333328	4.39432	0.31388	1.25552	0.0
19.049999999999994	4.39432	0.31388	1.25552	0.0
19.066666666666663	4.39432	0.31388	1.25552	0.0
19.08333333333333	3.7665599999999997	0.31388	0.62776	0.0
19.099999999999994	3.7665599999999997	0.31388	0.62776	0.0
19.11666666666666	3.7665599999999997	0.31388	0.62776	0.0
19.13333333333333	3.7665599999999997	0.31388	0.62776	0.0
19.149999999999995	3.7665599999999997	0.31388	0.62776	0.0
19.16666666666666	3.1388	0.31388	0.0	0.0
19.183333333333326	3.1388	0.31388	0.0	0.0
19.199999999999996	3.1388	0.31388	0.0	0.0
19.21666666666666	3.1388	0.31388	0.0	0.0
19.233333333333327	3.1388	0.31388	0.0	0.0
19.249999999999996	3.1388	0.31388	0.0	0.0
19.266666666666662	2.51104	0.251104	0.0	0.0
19.283333333333328	2.51104	0.251104	0.0	0.0
19.299999999999994	2.51104	0.251104	0.0	0.0
19.316666666666663	2.51104	0.251104	0.0	0.0
19.33333333333333	2.51104	0.251104	0.0	0.0
19.349999999999994	1.88328	0.188328	0.0	0.0
19.36666666666666	1.88328	0.188328	0.0	0.0
19.38333333333333	1.88328	0.188328	0.0	0.0
19.399999999999995	1.88328	0.188328	0.0	0.0
19.41666666666666	1.88328	0.188328	0.0	0.0
19.433333333333326	1.25552	0.125552	0.0	0.0
19.449999999999996	1.25552	0.125552	0.0	0.0
19.46666666666666	1.25552	0.125552	0.0	0.0
19.483333333333327	1.25552	0.125552	0.0	0.0
19.499999999999996	1.25552	0.125552	0.0	0.0
19.516666666666662	1.25552	0.125552	0.0	0.0
19.533333333333328	0.62776	0.062776	0.0	0.0
19.549999999999994	0.62776	0.062776	0.0	0.0
19.566666666666663	0.62776	0.062776	0.0	0.0
19.58333333333333	0.62776	0.062776	0.0	0.0
19.599999999999994	0.62776	0.062776	0.0	0.0
19.61666666666666	0.0	0.0	0.0	0.0
19.63333333333333	0.0	0.0	0.0	0.0
19.649999999999995	0.0	0.0	0.0	0.0
19.66666666666666	0.0	0.0	0.0	0.0
19.683333333333326	0.0	0.0	0.0	0.0
19.699999999999996	0.0	0.0	0.0	0.0
19.71666666666666	0.0	0.0	0.0	0.0
19.733333333333327	0.0	0.0	0.0	0.0
19.749999999999993	0.0	0.0	0.0	0.0
19.766666666666662	0.0	0.0	0.0	0.0
19.783333333333328	0.0	0.0	0.0	0.0
19.799999999999994	0.0	0.0	0.0	0.0
19.816666666666663	0.0	0.0	0.0	0.0
19.83333333333333	0.0	0.0	0.0	0.0
19.849999999999994	0.0	0.0	0.0	0.0
19.86666666666666	0.0	0.0	0.0	0.0
19.88333333333333	0.0	0.0	0.0	0.0
19.899999999999995	0.0	0.0	0.0	0.0
19.91666666666666	0.0	0.0	0.0	0.0
19.933333333333326	0.0	0.0	0.0	0.0
19.949999999999996	0.0	0.0	0.0	0.0
19.96666666666666	0.0	0.0	0.0	0.0
19.983333333333327	0.0	0.0	0.0	0.0
19.999999999999993	0.0	0.0	0.0	0.0
20.016666666666662	0.0	0.0	0.0	0.0
20.033333333333328	0.0	0.0	0.0	0.0
20.049999999999994	0.0	0.0	0.0	0.0
20.066666666666663	0.0	0.0	0.0	0.0
20.08333333333333	0.0	0.0	0.0	0.0
20.099999999999994	0.0	0.0	0.0	0.0
20.11666666666666	0.0	0.0	0.0	0.0
20.13333333333333	0.0	0.0	0.0	0.0
20.149999999999995	0.0	0.0	0.0	0.0
20.16666666666666	0.0	0.0	0.0	0.0
20.183333333333326	0.0	0.0	0.0	0.0
20.199999999999996	0.0	0.0	0.0	0.0
20.21666666666666	0.0	0.0	0.0	0.0
20.233333333333327	0.0	0.0	0.0	0.0
20.249999999999993	0.0	0.0	0.0	0.0
20.266666666666662	0.0	0.0	0.0	0.0
20.283333333333328	0.0	0.0	0.0	0.0
20.299999999999994	0.0	0.0	0.0	0.0
20.316666666666663	0.0	0.0	0.0	0.0
20.33333333333333	0.0	0.0	0.0	0.0
20.349999999999994	0.0	0.0	0.0	0.0
20.36666666666666	0.0	0.0	0.0	0.0
20.38333333333333	0.0	0.0	0.0	0.0
20.399999999999995	0.0	0.0	0.0	0.0
20.41666666666666	0.0	0.0	0.0	0.0
20.433333333333326	0.0	0.0	0.0	0.0
20.449999999999996	0.0	0.0	0.0	0.0
20.46666666666666	0.0	0.0	0.0	0.0
20.483333333333327	0.0	0.0	0.0	0.0
20.499999999999993	0.0	0.0	0.0	0.0
20.516666666666662	0.0	0.0	0.0	0.0
20.533333333333328	0.0	0.0	0.0	0.0
20.549999999999994	0.0	0.0	0.0	0.0
20.566666666666663	0.0	0.0	0.0	0.0
20.58333333333333	0.0	0.0	0.0	0.0
20.599999999999994	0.0	0.0	0.0	0.0
20.61666666666666	0.0	0.0	0.0	0.0
20.63333333333333	0.0	0.0	0.0	0.0
20.649999999999995	0.0	0.0	0.0	0.0
20.66666666666666	0.0	0.0	0.0	0.0
20.683333333333326	0.0	0.0	0.0	0.0
20.699999999999996	0.0	0.0	0.0	0.0
20.71666666666666	0.0	0.0	0.0	0.0
20.733333333333327	0.0	0.0	0.0	0.0
20.749999999999993	0.0	0.0	0.0	0.0
20.766666666666662	0.0	0.0	0.0	0.0
20.783333333333328	0.0	0.0	0.0	0.0
20.799999999999994	0.0	0.0	0.0	0.0
20.816666666666663	0.0	0.0	0.0	0.0
20.83333333333333	0.0	0.0	0.0	0.0
20.849999999999994	0.0	0.0	0.0	0.0
20.86666666666666	0.0	0.0	0.0	0.0
20.88333333333333	0.0	0.0	0.0	0.0
20.899999999999995	0.0	0.0	0.0	0.0
20.91666666666666	0.0	0.0	0.0	0.0
20.933333333333326	0.0	0.0	0.0	0.0
20.949999999999996	0.0	0.0	0.0	0.0
20.96666666666666	0.0	0.0	0.0	0.0
20.983333333333327	0.0	0.0	0.0	0.0
20.999999999999993	0.0	0.0	0.0	0.0
21.016666666666662	0.0	0.0	0.0	0.0
21.033333333333328	0.0	0.0	0.0	0.0
21.049999999999994	0.0	0.0	0.0	0.0
21.06666666666666	0.0	0.0	0.0	0.0
21.08333333333333	0.0	0.0	0.0	0.0
21.099999999999994	0.0	0.0	0.0	0.0
21.11666666666666	0.0	0.0	0.0	0.0
21.13333333333333	0.0	0.0	0.0	0.0
21.149999999999995	0.0	0.0	0.0	0.0
21.16666666666666	0.0	0.0	0.0	0.0
21.183333333333326	0.0	0.0	0.0	0.0
21.199999999999996	0.0	0.0	0.0	0.0
21.21666666666666	0.0	0.0	0.0	0.0
21.233333333333327	0.0	0.0	0.0	0.0
21.249999999999993	0.0	0.0	0.0	0.0
21.266666666666662	0.0	0.0	0.0	0.0
21.283333333333328	0.0	0.0	0.0	0.0
21.299999999999994	0.0	0.0	0.0	0.0
21.31666666666666	0.0	0.0	0.0	0.0
21.33333333333333	0.0	0.0	0.0	0.0
21.349999999999994	0.0	0.0	0.0	0.0
21.36666666666666	0.0	0.0	0.0	0.0
21.38333333333333	0.0	0.0	0.0	0.0
21.399999999999995	0.0	0.0	0.0	0.0
21.41666666666666	0.0	0.0	0.0	0.0
21.433333333333326	0.0	0.0	0.0	0.0
21.449999999999996	0.0	0.0	0.0	0.0
21.46666666666666	0.0	0.0	0.0	0.0
21.483333333333327	0.0	0.0	0.0	0.0
21.499999999999993	0.0	0.0	0.0	0.0
21.516666666666662	0.0	0.0	0.0	0.0
21.533333333333328	0.0	0.0	0.0	0.0
21.549999999999994	0.0	0.0	0.0	0.0
21.56666666666666	0.0	0.0	0.0	0.0
21.58333333333333	0.0	0.0	0.0	0.0
21.599999999999994	0.0	0.0	0.0	0.0
21.61666666666666	0.0	0.0	0.0	0.0
21.63333333333333	0.0	0.0	0.0	0.0
21.649999999999995	0.0	0.0	0.0	0.0
21.66666666666666	0.0	0.0	0.0	0.0
21.683333333333326	0.0	0.0	0.0	0.0
21.699999999999996	0.0	0.0	0.0	0.0
21.71666666666666	0.0	0.0	0.0	0.0
21.733333333333327	0.0	0.0	0.0	0.0
21.749999999999993	0.0	0.0	0.0	0.0
21.766666666666662	0.0	0.0	0.0	0.0
21.783333333333328	0.0	0.0	0.0	0.0
21.799999999999994	0.0	0.0	0.0	0.0
21.81666666666666	0.0	0.0	0.0	0.0
21.83333333333333	0.0	0.0	0.0	0.0
21.849999999999994	0.0	0.0	0.0	0.0
21.86666666666666	0.0	0.0	0.0	0.0
21.883333333333326	0.0	0.0	0.0	0.0
21.899999999999995	0.0	0.0	0.0	0.0
21.91666666666666	0.0	0.0	0.0	0.0
21.933333333333326	0.0	0.0	0.0	0.0
21.949999999999996	0.0	0.0	0.0	0.0
21.96666666666666	0.0	0.0	0.0	0.0
21.983333333333327	0.0	0.0	0.0	0.0
21.999999999999993	0.0	0.0	0.0	0.0
22.016666666666662	0.0	0.0	0.0	0.0
22.033333333333328	0.0	0.0	0.0	0.0
22.049999999999994	0.0	0.0	0.0	0.0
22.06666666666666	0.0	0.0	0.0	0.0
22.08333333333333	0.0	0.0	0.0	0.0
22.099999999999994	0.0	0.0	0.0	0.0
