LST	all	br	grey	dark
-2.1166666666666667	0.0	0.0	0.0	0.0
-2.1	0.0	0.0	0.0	0.0
-2.0833333333333335	0.0	0.0	0.0	0.0
-2.066666666666667	0.0	0.0	0.0	0.0
-2.05	0.0	0.0	0.0	0.0
-2.033333333333333	0.0	0.0	0.0	0.0
-2.0166666666666666	0.0	0.0	0.0	0.0
-2.0	0.0	0.0	0.0	0.0
-1.9833333333333334	0.0	0.0	0.0	0.0
-1.9666666666666668	0.0	0.0	0.0	0.0
-1.95	0.0	0.0	0.0	0.0
-1.9333333333333333	0.0	0.0	0.0	0.0
-1.9166666666666667	0.0	0.0	0.0	0.0
-1.9000000000000001	0.0	0.0	0.0	0.0
-1.8833333333333333	0.0	0.0	0.0	0.0
-1.8666666666666667	0.0	0.0	0.0	0.0
-1.85	0.0	0.0	0.0	0.0
-1.8333333333333335	0.0	0.0	0.0	0.0
-1.8166666666666667	0.0	0.0	0.0	0.0
-1.8	0.0	0.0	0.0	0.0
-1.7833333333333334	0.0	0.0	0.0	0.0
-1.7666666666666668	0.0	0.0	0.0	0.0
-1.75	0.0	0.0	0.0	0.0
-1.7333333333333334	0.0	0.0	0.0	0.0
-1.7166666666666668	0.0	0.0	0.0	0.0
-1.7000000000000002	0.0	0.0	0.0	0.0
-1.6833333333333336	0.0	0.0	0.0	0.0
-1.6666666666666667	0.0	0.0	0.0	0.0
-1.6500000000000001	0.0	0.0	0.0	0.0
-1.6333333333333333	0.0	0.0	0.0	0.0
-1.6166666666666667	0.0	0.0	0.0	0.0
-1.6	0.0	0.0	0.0	0.0
-1.5833333333333335	0.0	0.0	0.0	0.0
-1.5666666666666669	0.0	0.0	0.0	0.0
-1.5500000000000003	0.0	0.0	0.0	0.0
-1.5333333333333334	0.0	0.0	0.0	0.0
-1.5166666666666668	0.0	0.0	0.0	0.0
-1.5000000000000002	0.0	0.0	0.0	0.0
-1.4833333333333334	0.0	0.0	0.0	0.0
-1.4666666666666668	0.0	0.0	0.0	0.0
-1.4500000000000002	0.0	0.0	0.0	0.0
-1.4333333333333336	0.0	0.0	0.0	0.0
-1.416666666666667	0.0	0.0	0.0	0.0
-1.4000000000000001	0.0	0.0	0.0	0.0
-1.3833333333333335	0.0	0.0	0.0	0.0
-1.366666666666667	0.0	0.0	0.0	0.0
-1.35	0.0	0.0	0.0	0.0
-1.3333333333333335	0.0	0.0	0.0	0.0
-1.3166666666666669	0.0	0.0	0.0	0.0
-1.3000000000000003	0.0	0.0	0.0	0.0
-1.2833333333333337	0.0	0.0	0.0	0.0
-1.2666666666666668	0.0	0.0	0.0	0.0
-1.2500000000000002	0.0	0.0	0.0	0.0
-1.2333333333333336	0.0	0.0	0.0	0.0
-1.2166666666666668	0.0	0.0	0.0	0.0
-1.2000000000000002	0.0	0.0	0.0	0.0
-1.1833333333333336	0.0	0.0	0.0	0.0
-1.166666666666667	0.0	0.0	0.0	0.0
-1.1500000000000004	0.0	0.0	0.0	0.0
-1.1333333333333335	0.0	0.0	0.0	0.0
-1.116666666666667	0.0	0.0	0.0	0.0
-1.1000000000000003	0.0	0.0	0.0	0.0
-1.0833333333333335	0.0	0.0	0.0	0.0
-1.0666666666666669	0.0	0.0	0.0	0.0
-1.0500000000000003	0.0	0.0	0.0	0.0
-1.0333333333333337	0.0	0.0	0.0	0.0
-1.016666666666667	0.0	0.0	0.0	0.0
-1.0000000000000002	0.0	0.0	0.0	0.0
-0.9833333333333336	0.0	0.0	0.0	0.0
-0.966666666666667	0.0	0.0	0.0	0.0
-0.9500000000000002	0.0	0.0	0.0	0.0
-0.9333333333333336	0.0	0.0	0.0	0.0
-0.916666666666667	0.0	0.0	0.0	0.0
-0.9000000000000004	0.0	0.0	0.0	0.0
-0.8833333333333337	0.0	0.0	0.0	0.0
-0.8666666666666669	0.0	0.0	0.0	0.0
-0.8500000000000003	0.0	0.0	0.0	0.0
-0.8333333333333337	0.0	0.0	0.0	0.0
-0.8166666666666669	0.0	0.0	0.0	0.0
-0.8000000000000003	0.0	0.0	0.0	0.0
-0.7833333333333337	0.0	0.0	0.0	0.0
-0.766666666666667	0.0	0.0	0.0	0.0
-0.7500000000000004	0.0	0.0	0.0	0.0
-0.7333333333333336	0.0	0.0	0.0	0.0
-0.716666666666667	0.0	0.0	0.0	0.0
-0.7000000000000004	0.0	0.0	0.0	0.0
-0.6833333333333336	0.0	0.0	0.0	0.0
-0.666666666666667	0.0	0.0	0.0	0.0
-0.6500000000000004	0.0	0.0	0.0	0.0
-0.6333333333333337	0.0	0.0	0.0	0.0
-0.6166666666666671	0.0	0.0	0.0	0.0
-0.6000000000000003	0.0	0.0	0.0	0.0
-0.5833333333333337	0.0	0.0	0.0	0.0
-0.5666666666666671	0.0	0.0	0.0	0.0
-0.5500000000000003	0.0	0.0	0.0	0.0
-0.5333333333333337	0.0	0.0	0.0	0.0
-0.516666666666667	0.0	0.0	0.0	0.0
-0.5000000000000004	0.0	0.0	0.0	0.0
-0.48333333333333384	0.0	0.0	0.0	0.0
-0.466666666666667	0.0	0.0	0.0	0.0
-0.4500000000000004	0.0	0.0	0.0	0.0
-0.4333333333333338	0.0	0.0	0.0	0.0
-0.41666666666666696	0.0	0.0	0.0	0.0
-0.40000000000000036	0.0	0.0	0.0	0.0
-0.38333333333333375	0.0	0.0	0.0	0.0
-0.36666666666666714	0.0	0.0	0.0	0.0
-0.35000000000000053	0.0	0.0	0.0	0.0
-0.3333333333333337	0.0	0.0	0.0	0.0
-0.3166666666666671	0.0	0.0	0.0	0.0
-0.3000000000000005	0.0	0.0	0.0	0.0
-0.28333333333333366	0.0	0.0	0.0	0.0
-0.26666666666666705	0.0	0.0	0.0	0.0
-0.25000000000000044	0.0	0.0	0.0	0.0
-0.23333333333333384	0.0	0.0	0.0	0.0
-0.21666666666666723	0.0	0.0	0.0	0.0
-0.2000000000000004	0.0	0.0	0.0	0.0
-0.1833333333333338	0.0	0.0	0.0	0.0
-0.16666666666666718	0.0	0.0	0.0	0.0
-0.15000000000000036	0.0	0.0	0.0	0.0
-0.13333333333333375	0.0	0.0	0.0	0.0
-0.11666666666666714	0.0	0.0	0.0	0.0
-0.10000000000000053	0.0	0.0	0.0	0.0
-0.08333333333333393	0.0	0.0	0.0	0.0
-0.06666666666666732	0.0	0.0	0.0	0.0
-0.050000000000000266	0.0	0.0	0.0	0.0
-0.03333333333333366	0.0	0.0	0.0	0.0
-0.01666666666666705	0.0	0.0	0.0	0.0
-4.440892098500626e-16	0.0	0.0	0.0	0.0
0.016666666666666163	0.0	0.0	0.0	0.0
0.03333333333333277	0.0	0.0	0.0	0.0
0.04999999999999938	0.0	0.0	0.0	0.0
0.06666666666666599	0.0	0.0	0.0	0.0
0.0833333333333326	0.0	0.0	0.0	0.0
0.09999999999999964	0.0	0.0	0.0	0.0
0.11666666666666625	0.0	0.0	0.0	0.0
0.13333333333333286	0.0	0.0	0.0	0.0
0.14999999999999947	0.0	0.0	0.0	0.0
0.16666666666666607	0.0	0.0	0.0	0.0
0.18333333333333268	0.0	0.0	0.0	0.0
0.1999999999999993	0.0	0.0	0.0	0.0
0.21666666666666634	0.0	0.0	0.0	0.0
0.23333333333333295	0.0	0.0	0.0	0.0
0.24999999999999956	0.0	0.0	0.0	0.0
0.26666666666666616	0.0	0.0	0.0	0.0
0.28333333333333277	0.0	0.0	0.0	0.0
0.2999999999999994	0.0	0.0	0.0	0.0
0.316666666666666	0.0	0.0	0.0	0.0
0.3333333333333326	0.0	0.0	0.0	0.0
0.3499999999999992	0.0	0.0	0.0	0.0
0.36666666666666625	0.0	0.0	0.0	0.0
0.38333333333333286	0.0	0.0	0.0	0.0
0.39999999999999947	0.0	0.0	0.0	0.0
0.4166666666666661	0.0	0.0	0.0	0.0
0.4333333333333327	0.0	0.0	0.0	0.0
0.4499999999999993	0.0	0.0	0.0	0.0
0.4666666666666659	0.0	0.0	0.0	0.0
0.48333333333333295	0.0	0.0	0.0	0.0
0.49999999999999956	0.0	0.0	0.0	0.0
0.5166666666666662	0.0	0.0	0.0	0.0
0.5333333333333328	0.0	0.0	0.0	0.0
0.5499999999999994	0.0	0.0	0.0	0.0
0.566666666666666	0.0	0.0	0.0	0.0
0.5833333333333326	0.0	0.0	0.0	0.0
0.5999999999999992	0.0	0.0	0.0	0.0
0.6166666666666658	0.0	0.0	0.0	0.0
0.6333333333333329	0.0	0.0	0.0	0.0
0.6499999999999995	0.0	0.0	0.0	0.0
0.6666666666666661	0.0	0.0	0.0	0.0
0.6833333333333327	0.0	0.0	0.0	0.0
0.6999999999999993	0.0	0.0	0.0	0.0
0.7166666666666659	0.0	0.0	0.0	0.0
0.7333333333333325	0.0	0.0	0.0	0.0
0.7499999999999996	0.0	0.0	0.0	0.0
0.7666666666666662	0.0	0.0	0.0	0.0
0.7833333333333328	0.0	0.0	0.0	0.0
0.7999999999999994	0.0	0.0	0.0	0.0
0.816666666666666	0.0	0.0	0.0	0.0
0.8333333333333326	0.0	0.0	0.0	0.0
0.8499999999999992	0.0	0.0	0.0	0.0
0.8666666666666658	0.0	0.0	0.0	0.0
0.8833333333333324	0.0	0.0	0.0	0.0
0.8999999999999995	0.0	0.0	0.0	0.0
0.9166666666666661	0.0	0.0	0.0	0.0
0.9333333333333327	0.0	0.0	0.0	0.0
0.9499999999999993	0.0	0.0	0.0	0.0
0.9666666666666659	0.0	0.0	0.0	0.0
0.9833333333333325	0.0	0.0	0.0	0.0
0.9999999999999991	0.0	0.0	0.0	0.0
1.0166666666666662	0.0	0.0	0.0	0.0
1.0333333333333328	0.0	0.0	0.0	0.0
1.0499999999999994	0.0	0.0	0.0	0.0
1.066666666666666	0.0	0.0	0.0	0.0
1.0833333333333326	0.0	0.0	0.0	0.0
1.0999999999999992	0.0	0.0	0.0	0.0
1.1166666666666658	0.0	0.0	0.0	0.0
1.1333333333333324	0.0	0.0	0.0	0.0
1.149999999999999	0.0	0.0	0.0	0.0
1.166666666666666	0.0	0.0	0.0	0.0
1.1833333333333327	0.0	0.0	0.0	0.0
1.1999999999999993	0.0	0.0	0.0	0.0
1.216666666666666	0.0	0.0	0.0	0.0
1.2333333333333325	0.0	0.0	0.0	0.0
1.2499999999999991	0.0	0.0	0.0	0.0
1.2666666666666657	0.0	0.0	0.0	0.0
1.2833333333333328	0.0	0.0	0.0	0.0
1.2999999999999994	0.0	0.0	0.0	0.0
1.316666666666666	0.0	0.0	0.0	0.0
1.3333333333333326	0.0	0.0	0.0	0.0
1.3499999999999992	0.0	0.0	0.0	0.0
1.3666666666666658	0.0	0.0	0.0	0.0
1.3833333333333324	0.0	0.0	0.0	0.0
1.399999999999999	0.0	0.0	0.0	0.0
1.4166666666666656	0.0	0.0	0.0	0.0
1.4333333333333327	0.0	0.0	0.0	0.0
1.4499999999999993	0.0	0.0	0.0	0.0
1.466666666666666	0.0	0.0	0.0	0.0
1.4833333333333325	0.0	0.0	0.0	0.0
1.4999999999999991	0.0	0.0	0.0	0.0
1.5166666666666657	0.0	0.0	0.0	0.0
1.5333333333333323	0.0	0.0	0.0	0.0
1.5499999999999994	0.0	0.0	0.0	0.0
1.566666666666666	0.0	0.0	0.0	0.0
1.5833333333333326	0.0	0.0	0.0	0.0
1.5999999999999992	0.0	0.0	0.0	0.0
1.6166666666666658	0.0	0.0	0.0	0.0
1.6333333333333324	0.0	0.0	0.0	0.0
1.649999999999999	0.0	0.0	0.0	0.0
1.6666666666666656	0.0	0.0	0.0	0.0
1.6833333333333322	0.0	0.0	0.0	0.0
1.6999999999999993	0.0	0.0	0.0	0.0
1.716666666666666	0.0	0.0	0.0	0.0
1.7333333333333325	0.0	0.0	0.0	0.0
1.7499999999999991	0.0	0.0	0.0	0.0
1.7666666666666657	0.0	0.0	0.0	0.0
1.7833333333333323	0.0	0.0	0.0	0.0
1.799999999999999	0.0	0.0	0.0	0.0
1.816666666666666	0.0	0.0	0.0	0.0
1.8333333333333326	0.0	0.0	0.0	0.0
1.8499999999999992	0.0	0.0	0.0	0.0
1.8666666666666658	0.0	0.0	0.0	0.0
1.8833333333333324	0.0	0.0	0.0	0.0
1.899999999999999	0.0	0.0	0.0	0.0
1.9166666666666656	0.0	0.0	0.0	0.0
1.9333333333333322	0.0	0.0	0.0	0.0
1.9499999999999988	0.0	0.0	0.0	0.0
1.9666666666666655	0.0	0.0	0.0	0.0
1.983333333333332	0.0	0.0	0.0	0.0
1.9999999999999987	0.0	0.0	0.0	0.0
2.0166666666666666	0.0	0.0	0.0	0.0
2.033333333333333	0.0	0.0	0.0	0.0
2.05	0.0	0.0	0.0	0.0
2.0666666666666664	0.0	0.0	0.0	0.0
2.083333333333333	0.0	0.0	0.0	0.0
2.0999999999999996	0.0	0.0	0.0	0.0
2.1166666666666663	0.0	0.0	0.0	0.0
2.133333333333333	0.0	0.0	0.0	0.0
2.1499999999999995	0.0	0.0	0.0	0.0
2.166666666666666	0.0	0.0	0.0	0.0
2.1833333333333327	0.0	0.0	0.0	0.0
2.1999999999999993	0.0	0.0	0.0	0.0
2.216666666666666	0.0	0.0	0.0	0.0
2.2333333333333325	0.0	0.0	0.0	0.0
2.249999999999999	0.0	0.0	0.0	0.0
2.2666666666666657	0.0	0.0	0.0	0.0
2.2833333333333323	0.0	0.0	0.0	0.0
2.3	0.0	0.0	0.0	0.0
2.3166666666666664	0.0	0.0	0.0	0.0
2.333333333333333	0.0	0.0	0.0	0.0
2.3499999999999996	0.0	0.0	0.0	0.0
2.3666666666666663	0.0	0.0	0.0	0.0
2.383333333333333	0.0	0.0	0.0	0.0
2.3999999999999995	0.0	0.0	0.0	0.0
2.416666666666666	0.0	0.0	0.0	0.0
2.4333333333333327	0.0	0.0	0.0	0.0
2.4499999999999993	0.0	0.0	0.0	0.0
2.466666666666666	0.0	0.0	0.0	0.0
2.4833333333333325	0.0	0.0	0.0	0.0
2.499999999999999	0.0	0.0	0.0	0.0
2.5166666666666657	0.0	0.0	0.0	0.0
2.5333333333333323	0.0	0.0	0.0	0.0
2.55	0.0	0.0	0.0	0.0
2.5666666666666664	0.0	0.0	0.0	0.0
2.583333333333333	0.0	0.0	0.0	0.0
2.5999999999999996	0.0	0.0	0.0	0.0
2.6166666666666663	0.0	0.0	0.0	0.0
2.633333333333333	0.0	0.0	0.0	0.0
2.6499999999999995	0.0	0.0	0.0	0.0
2.666666666666666	0.0	0.0	0.0	0.0
2.6833333333333327	0.0	0.0	0.0	0.0
2.6999999999999993	0.0	0.0	0.0	0.0
2.716666666666666	0.0	0.0	0.0	0.0
2.7333333333333325	0.0	0.0	0.0	0.0
2.749999999999999	0.0	0.0	0.0	0.0
2.7666666666666657	0.0	0.0	0.0	0.0
2.7833333333333323	0.0	0.0	0.0	0.0
2.799999999999999	0.0	0.0	0.0	0.0
2.8166666666666655	0.0	0.0	0.0	0.0
2.833333333333333	0.0	0.0	0.0	0.0
2.8499999999999996	0.0	0.0	0.0	0.0
2.8666666666666663	0.0	0.0	0.0	0.0
2.883333333333333	0.0	0.0	0.0	0.0
2.8999999999999995	0.0	0.0	0.0	0.0
2.916666666666666	0.0	0.0	0.0	0.0
2.9333333333333327	0.0	0.0	0.0	0.0
2.9499999999999993	0.0	0.0	0.0	0.0
2.966666666666666	0.0	0.0	0.0	0.0
2.9833333333333325	0.0	0.0	0.0	0.0
2.999999999999999	0.0	0.0	0.0	0.0
3.0166666666666657	0.0	0.0	0.0	0.0
3.0333333333333323	0.0	0.0	0.0	0.0
3.049999999999999	0.0	0.0	0.0	0.0
3.0666666666666655	0.0	0.0	0.0	0.0
3.083333333333333	0.0	0.0	0.0	0.0
3.0999999999999996	0.0	0.0	0.0	0.0
3.1166666666666663	0.0	0.0	0.0	0.0
3.133333333333333	0.0	0.0	0.0	0.0
3.1499999999999995	0.0	0.0	0.0	0.0
3.166666666666666	0.0	0.0	0.0	0.0
3.1833333333333327	0.0	0.0	0.0	0.0
3.1999999999999993	0.0	0.0	0.0	0.0
3.216666666666666	0.0	0.0	0.0	0.0
3.2333333333333325	0.0	0.0	0.0	0.0
3.249999999999999	0.0	0.0	0.0	0.0
3.2666666666666657	0.0	0.0	0.0	0.0
3.2833333333333323	0.0	0.0	0.0	0.0
3.299999999999999	0.0	0.0	0.0	0.0
3.3166666666666655	0.0	0.0	0.0	0.0
3.333333333333332	0.0	0.0	0.0	0.0
3.3499999999999988	0.0	0.0	0.0	0.0
3.3666666666666663	0.0	0.0	0.0	0.0
3.383333333333333	0.0	0.0	0.0	0.0
3.3999999999999995	0.0	0.0	0.0	0.0
3.416666666666666	0.0	0.0	0.0	0.0
3.4333333333333327	0.0	0.0	0.0	0.0
3.4499999999999993	0.0	0.0	0.0	0.0
3.466666666666666	0.0	0.0	0.0	0.0
3.4833333333333325	0.0	0.0	0.0	0.0
3.499999999999999	0.0	0.0	0.0	0.0
3.5166666666666657	0.0	0.0	0.0	0.0
3.5333333333333323	0.0	0.0	0.0	0.0
3.549999999999999	0.0	0.0	0.0	0.0
3.5666666666666655	0.0	0.0	0.0	0.0
3.583333333333332	0.0	0.0	0.0	0.0
3.5999999999999988	0.0	0.0	0.0	0.0
3.6166666666666663	0.0	0.0	0.0	0.0
3.633333333333333	0.0	0.0	0.0	0.0
3.6499999999999995	0.0	0.0	0.0	0.0
3.666666666666666	0.0	0.0	0.0	0.0
3.6833333333333327	0.0	0.0	0.0	0.0
3.6999999999999993	0.0	0.0	0.0	0.0
3.716666666666666	0.0	0.0	0.0	0.0
3.7333333333333325	0.0	0.0	0.0	0.0
3.749999999999999	0.0	0.0	0.0	0.0
3.7666666666666657	0.472944	0.0	0.0	0.472944
3.7833333333333323	0.472944	0.0	0.0	0.472944
3.799999999999999	0.472944	0.0	0.0	0.472944
3.8166666666666655	0.472944	0.0	0.0	0.472944
3.833333333333332	0.472944	0.0	0.0	0.472944
3.8499999999999988	0.945888	0.0	0.0	0.945888
3.8666666666666654	0.945888	0.0	0.0	0.945888
3.883333333333332	0.945888	0.0	0.0	0.945888
3.8999999999999995	0.945888	0.0	0.0	0.945888
3.916666666666666	0.945888	0.0	0.0	0.945888
3.9333333333333327	1.4188319999999999	0.0	0.0	1.4188319999999999
3.9499999999999993	1.4188319999999999	0.0	0.0	1.4188319999999999
3.966666666666666	1.4188319999999999	0.0	0.0	1.4188319999999999
3.9833333333333325	1.4188319999999999	0.0	0.0	1.4188319999999999
3.999999999999999	1.4188319999999999	0.0	0.0	1.4188319999999999
4.016666666666666	1.891776	0.0	0.0	1.891776
4.033333333333332	1.891776	0.0	0.0	1.891776
4.049999999999999	1.891776	0.0	0.0	1.891776
4.0666666666666655	1.891776	0.0	0.0	1.891776
4.083333333333332	1.891776	0.0	0.0	1.891776
4.099999999999999	2.3647199999999997	0.0	0.0	2.3647199999999997
4.116666666666665	2.3647199999999997	0.0	0.0	2.3647199999999997
4.133333333333332	2.3647199999999997	0.0	0.0	2.3647199999999997
4.1499999999999995	2.3647199999999997	0.0	0.0	2.3647199999999997
4.166666666666666	2.8376639999999997	0.0	0.0	2.8376639999999997
4.183333333333333	2.8376639999999997	0.0	0.0	2.8376639999999997
4.199999999999999	2.8376639999999997	0.0	0.0	2.8376639999999997
4.216666666666666	2.8376639999999997	0.0	0.0	2.8376639999999997
4.2333333333333325	3.3106079999999998	0.0	0.0	3.3106079999999998
4.249999999999999	3.3106079999999998	0.0	0.0	3.3106079999999998
4.266666666666666	3.3106079999999998	0.0	0.0	3.3106079999999998
4.283333333333332	3.3106079999999998	0.0	0.0	3.3106079999999998
4.299999999999999	3.3106079999999998	0.0	0.0	3.3106079999999998
4.3166666666666655	3.783552	0.0	0.0	3.783552
4.333333333333332	3.783552	0.0	0.0	3.783552
4.349999999999999	3.783552	0.0	0.0	3.783552
4.366666666666665	3.783552	0.0	0.0	3.783552
4.383333333333332	3.783552	0.0	0.0	3.783552
4.399999999999999	4.256495999999999	0.0	0.0	4.256495999999999
4.416666666666665	4.256495999999999	0.0	0.0	4.256495999999999
4.433333333333333	4.256495999999999	0.0	0.0	4.256495999999999
4.449999999999999	4.256495999999999	0.0	0.0	4.256495999999999
4.466666666666666	4.256495999999999	0.0	0.0	4.256495999999999
4.4833333333333325	4.729439999999999	0.0	0.0	4.729439999999999
4.499999999999999	4.729439999999999	0.0	0.0	4.729439999999999
4.516666666666666	4.729439999999999	0.0	0.0	4.729439999999999
4.533333333333332	4.729439999999999	0.0	0.0	4.729439999999999
4.549999999999999	4.729439999999999	0.0	0.0	4.729439999999999
4.5666666666666655	5.2023839999999995	0.0	0.0	5.2023839999999995
4.583333333333332	5.2023839999999995	0.0	0.0	5.2023839999999995
4.599999999999999	5.2023839999999995	0.0	0.0	5.2023839999999995
4.616666666666665	5.2023839999999995	0.0	0.0	5.2023839999999995
4.633333333333332	5.6753279999999995	0.0	0.0	5.6753279999999995
4.649999999999999	5.6753279999999995	0.0	0.0	5.6753279999999995
4.666666666666665	5.6753279999999995	0.0	0.0	5.6753279999999995
4.683333333333333	5.6753279999999995	0.0	0.0	5.6753279999999995
4.699999999999999	5.6753279999999995	0.0	0.0	5.6753279999999995
4.716666666666666	6.1482719999999995	0.0472944	0.0	5.6753279999999995
4.7333333333333325	6.1482719999999995	0.0472944	0.0	5.6753279999999995
4.749999999999999	6.1482719999999995	0.0472944	0.0	5.6753279999999995
4.766666666666666	6.1482719999999995	0.0472944	0.0	5.6753279999999995
4.783333333333332	6.1482719999999995	0.0472944	0.0	5.6753279999999995
4.799999999999999	6.6212159999999995	0.0945888	0.0	5.6753279999999995
4.8166666666666655	6.6212159999999995	0.0945888	0.0	5.6753279999999995
4.833333333333332	6.6212159999999995	0.0945888	0.0	5.6753279999999995
4.849999999999999	6.6212159999999995	0.0945888	0.0	5.6753279999999995
4.866666666666665	7.09416	0.1418832	0.0	5.6753279999999995
4.883333333333332	7.09416	0.1418832	0.0	5.6753279999999995
4.899999999999999	7.09416	0.1418832	0.0	5.6753279999999995
4.916666666666665	7.09416	0.1418832	0.0	5.6753279999999995
4.933333333333332	7.09416	0.1418832	0.0	5.6753279999999995
4.949999999999998	7.567104	0.1891776	0.0	5.6753279999999995
4.966666666666666	7.567104	0.1891776	0.0	5.6753279999999995
4.9833333333333325	7.567104	0.1891776	0.0	5.6753279999999995
4.999999999999999	7.567104	0.1891776	0.0	5.6753279999999995
5.016666666666666	7.567104	0.1891776	0.0	5.6753279999999995
5.033333333333332	8.040047999999999	0.23647200000000002	0.0	5.6753279999999995
5.049999999999999	8.040047999999999	0.23647200000000002	0.0	5.6753279999999995
5.0666666666666655	8.040047999999999	0.23647200000000002	0.0	5.6753279999999995
5.083333333333332	8.040047999999999	0.28376640000000003	0.0	5.2023839999999995
5.099999999999999	8.512991999999999	0.33106080000000004	0.0	5.2023839999999995
5.116666666666665	8.512991999999999	0.33106080000000004	0.0	5.2023839999999995
5.133333333333332	8.512991999999999	0.33106080000000004	0.0	5.2023839999999995
5.149999999999999	8.512991999999999	0.33106080000000004	0.0	5.2023839999999995
5.166666666666665	8.512991999999999	0.33106080000000004	0.0	5.2023839999999995
5.183333333333332	8.985935999999999	0.37835520000000006	0.0	5.2023839999999995
5.199999999999998	8.985935999999999	0.37835520000000006	0.0	5.2023839999999995
5.216666666666666	8.985935999999999	0.37835520000000006	0.0	5.2023839999999995
5.2333333333333325	8.985935999999999	0.37835520000000006	0.0	5.2023839999999995
5.249999999999999	9.458879999999999	0.4256496000000001	0.0	5.2023839999999995
5.266666666666666	9.458879999999999	0.4256496000000001	0.0	5.2023839999999995
5.283333333333332	9.458879999999999	0.4256496000000001	0.0	5.2023839999999995
5.299999999999999	9.458879999999999	0.4256496000000001	0.0	5.2023839999999995
5.3166666666666655	9.458879999999999	0.4256496000000001	0.0	5.2023839999999995
5.333333333333332	9.931823999999999	0.4729440000000001	0.0	5.2023839999999995
5.349999999999999	9.931823999999999	0.4729440000000001	0.0	5.2023839999999995
5.366666666666665	9.931823999999999	0.4729440000000001	0.0	5.2023839999999995
5.383333333333332	9.931823999999999	0.4729440000000001	0.0	5.2023839999999995
5.399999999999999	10.404767999999999	0.4729440000000001	0.472944	5.2023839999999995
5.416666666666665	10.404767999999999	0.4729440000000001	0.472944	5.2023839999999995
5.433333333333332	10.404767999999999	0.4729440000000001	0.472944	5.2023839999999995
5.449999999999998	10.877711999999999	0.4729440000000001	0.945888	5.2023839999999995
5.466666666666665	10.877711999999999	0.4729440000000001	0.945888	5.2023839999999995
5.483333333333332	10.877711999999999	0.4729440000000001	0.945888	5.2023839999999995
5.499999999999999	10.877711999999999	0.4729440000000001	0.945888	5.2023839999999995
5.516666666666666	10.877711999999999	0.4729440000000001	0.945888	5.2023839999999995
5.533333333333332	11.350655999999999	0.4729440000000001	1.4188319999999999	5.2023839999999995
5.549999999999999	11.350655999999999	0.4729440000000001	1.4188319999999999	5.2023839999999995
5.5666666666666655	11.350655999999999	0.5202384000000001	1.4188319999999999	4.729439999999999
5.583333333333332	11.350655999999999	0.5202384000000001	1.4188319999999999	4.729439999999999
5.599999999999999	11.823599999999999	0.5202384000000001	1.891776	4.729439999999999
5.616666666666665	11.823599999999999	0.5202384000000001	1.891776	4.729439999999999
5.633333333333332	11.823599999999999	0.5202384000000001	1.891776	4.729439999999999
5.649999999999999	11.823599999999999	0.5202384000000001	1.891776	4.729439999999999
5.666666666666665	12.296543999999999	0.5202384000000001	2.3647199999999997	4.729439999999999
5.683333333333332	12.296543999999999	0.5202384000000001	2.3647199999999997	4.729439999999999
5.699999999999998	12.296543999999999	0.5202384000000001	2.3647199999999997	4.729439999999999
5.716666666666665	12.296543999999999	0.5202384000000001	2.3647199999999997	4.729439999999999
5.733333333333332	12.296543999999999	0.5202384000000001	2.3647199999999997	4.729439999999999
5.749999999999999	12.769487999999999	0.5202384000000001	2.8376639999999997	4.729439999999999
5.766666666666666	12.769487999999999	0.5202384000000001	2.8376639999999997	4.729439999999999
5.783333333333332	12.769487999999999	0.5202384000000001	2.8376639999999997	4.729439999999999
5.799999999999999	12.769487999999999	0.5202384000000001	2.8376639999999997	4.729439999999999
5.8166666666666655	13.242431999999999	0.5202384000000001	2.8376639999999997	5.2023839999999995
5.833333333333332	13.242431999999999	0.5202384000000001	2.8376639999999997	5.2023839999999995
5.849999999999999	13.242431999999999	0.5202384000000001	2.8376639999999997	5.2023839999999995
5.866666666666665	13.242431999999999	0.5202384000000001	2.8376639999999997	5.2023839999999995
5.883333333333332	13.715376	0.5202384000000001	2.8376639999999997	5.6753279999999995
5.8999999999999995	13.715376	0.5202384000000001	2.8376639999999997	5.6753279999999995
5.916666666666665	13.715376	0.5202384000000001	2.8376639999999997	5.6753279999999995
5.933333333333333	13.715376	0.5202384000000001	2.8376639999999997	5.6753279999999995
5.949999999999998	14.18832	0.5202384000000001	2.8376639999999997	6.1482719999999995
5.966666666666666	14.18832	0.5202384000000001	2.8376639999999997	6.1482719999999995
5.983333333333332	14.18832	0.5202384000000001	2.8376639999999997	6.1482719999999995
5.999999999999999	14.18832	0.5202384000000001	2.8376639999999997	6.1482719999999995
6.016666666666664	14.812304	0.5675328000000001	2.8376639999999997	6.299312
6.033333333333331	14.812304	0.5675328000000001	2.8376639999999997	6.299312
6.049999999999997	14.812304	0.5675328000000001	2.8376639999999997	6.299312
6.066666666666665	14.812304	0.5675328000000001	2.8376639999999997	6.299312
6.08333333333333	15.436288	0.5675328000000001	2.8376639999999997	6.923296
6.099999999999998	15.436288	0.5675328000000001	2.8376639999999997	6.923296
6.116666666666664	15.436288	0.5675328000000001	2.8376639999999997	6.923296
6.133333333333331	15.436288	0.5675328000000001	2.8376639999999997	6.923296
6.149999999999999	16.060271999999998	0.5675328000000001	2.8376639999999997	7.54728
6.166666666666664	16.060271999999998	0.5675328000000001	2.8376639999999997	7.54728
6.183333333333332	16.060271999999998	0.5675328000000001	2.8376639999999997	7.54728
6.1999999999999975	16.060271999999998	0.5675328000000001	2.8376639999999997	7.54728
6.216666666666665	16.684255999999998	0.5675328000000001	2.8376639999999997	8.171263999999999
6.233333333333331	16.684255999999998	0.5675328000000001	2.8376639999999997	8.171263999999999
6.249999999999998	16.684255999999998	0.5675328000000001	2.8376639999999997	8.171263999999999
6.266666666666664	16.684255999999998	0.5675328000000001	2.3647199999999997	8.644207999999999
6.283333333333331	17.308239999999994	0.5675328000000001	2.3647199999999997	9.268191999999999
6.299999999999997	17.308239999999994	0.5675328000000001	2.3647199999999997	9.268191999999999
6.316666666666665	17.308239999999994	0.5675328000000001	2.3647199999999997	9.268191999999999
6.33333333333333	17.308239999999994	0.5675328000000001	2.3647199999999997	9.268191999999999
6.349999999999998	17.93222399999999	0.5675328000000001	2.3647199999999997	9.892176
6.366666666666664	17.93222399999999	0.5675328000000001	2.3647199999999997	9.892176
6.383333333333331	17.93222399999999	0.5675328000000001	2.3647199999999997	9.892176
6.399999999999997	17.93222399999999	0.5675328000000001	2.3647199999999997	9.892176
6.416666666666664	18.55620799999999	0.5675328000000001	2.3647199999999997	10.51616
6.433333333333332	18.55620799999999	0.5675328000000001	2.3647199999999997	10.51616
6.4499999999999975	18.55620799999999	0.6148272	2.3647199999999997	10.043216
6.466666666666665	18.55620799999999	0.6148272	2.3647199999999997	10.043216
6.483333333333331	19.180191999999987	0.6148272	2.3647199999999997	10.6672
6.499999999999998	19.180191999999987	0.6148272	2.3647199999999997	10.6672
6.516666666666664	19.180191999999987	0.6148272	2.3647199999999997	10.6672
6.533333333333331	19.180191999999987	0.6148272	2.3647199999999997	10.6672
6.549999999999997	19.804175999999984	0.6148272	2.3647199999999997	11.291184
6.566666666666665	19.804175999999984	0.6148272	2.3647199999999997	11.291184
6.58333333333333	19.804175999999984	0.6148272	2.3647199999999997	11.291184
6.599999999999998	19.804175999999984	0.6148272	2.3647199999999997	11.291184
6.616666666666664	20.428159999999984	0.6148272	2.3647199999999997	11.915168
6.633333333333331	20.428159999999984	0.6148272	2.3647199999999997	11.915168
6.649999999999997	20.428159999999984	0.6148272	2.3647199999999997	11.915168
6.666666666666664	21.05214399999998	0.6148272	2.3647199999999997	12.539152
6.68333333333333	21.05214399999998	0.6148272	2.3647199999999997	12.539152
6.6999999999999975	21.05214399999998	0.6148272	2.3647199999999997	12.539152
6.716666666666665	21.676127999999977	0.6148272	2.3647199999999997	13.163136
6.733333333333331	21.676127999999977	0.6148272	2.3647199999999997	13.163136
6.749999999999998	21.676127999999977	0.6148272	2.3647199999999997	13.163136
6.766666666666664	21.676127999999977	0.6148272	2.3647199999999997	13.163136
6.783333333333331	22.300111999999977	0.6772256	2.3647199999999997	13.163136
6.799999999999997	22.300111999999977	0.6772256	2.3647199999999997	13.163136
6.816666666666665	22.300111999999977	0.6772256	2.3647199999999997	13.163136
6.83333333333333	22.300111999999977	0.6772256	2.3647199999999997	13.163136
6.849999999999998	22.924095999999974	0.7396239999999998	2.3647199999999997	13.163136
6.866666666666664	22.924095999999974	0.7396239999999998	2.3647199999999997	13.163136
6.883333333333331	22.924095999999974	0.7396239999999998	2.8376639999999997	12.690192
6.899999999999997	23.548079999999974	0.8020223999999998	2.8376639999999997	12.690192
6.916666666666664	23.548079999999974	0.8020223999999998	2.8376639999999997	12.690192
6.93333333333333	23.548079999999974	0.8020223999999998	2.8376639999999997	12.690192
6.9499999999999975	23.548079999999974	0.8020223999999998	2.8376639999999997	12.690192
6.966666666666665	24.17206399999997	0.8644207999999998	2.3647199999999997	13.163136
6.983333333333331	24.17206399999997	0.8644207999999998	2.3647199999999997	13.163136
6.999999999999998	24.17206399999997	0.8644207999999998	2.3647199999999997	13.163136
7.016666666666664	24.17206399999997	0.8644207999999998	2.3647199999999997	13.163136
7.033333333333331	24.796047999999967	0.9268191999999996	2.3647199999999997	13.163136
7.049999999999997	24.796047999999967	0.9268191999999996	2.3647199999999997	13.163136
7.066666666666665	24.796047999999967	0.9268191999999996	2.3647199999999997	13.163136
7.08333333333333	25.420031999999967	0.9892175999999996	2.3647199999999997	13.163136
7.099999999999998	25.420031999999967	0.9892175999999996	2.3647199999999997	13.163136
7.116666666666664	25.420031999999967	0.9892175999999996	2.3647199999999997	13.163136
7.133333333333331	25.420031999999967	1.0516159999999997	2.3647199999999997	12.539152
7.149999999999997	26.044015999999964	1.1140143999999996	2.3647199999999997	12.539152
7.166666666666664	26.044015999999964	1.1140143999999996	2.3647199999999997	12.539152
7.18333333333333	26.044015999999964	1.1140143999999996	2.3647199999999997	12.539152
7.1999999999999975	26.66799999999996	1.1764127999999996	2.3647199999999997	12.539152
7.216666666666665	26.66799999999996	1.1764127999999996	2.3647199999999997	12.539152
7.233333333333331	26.66799999999996	1.1764127999999996	2.3647199999999997	12.539152
7.249999999999998	26.66799999999996	1.1764127999999996	2.3647199999999997	12.539152
7.266666666666664	27.29198399999996	1.2388111999999996	2.3647199999999997	12.539152
7.283333333333331	27.29198399999996	1.2388111999999996	2.3647199999999997	12.539152
7.299999999999997	27.29198399999996	1.2388111999999996	2.3647199999999997	12.539152
7.316666666666665	27.915967999999957	1.2388111999999996	2.988704	12.539152
7.33333333333333	27.915967999999957	1.2388111999999996	2.988704	12.539152
7.349999999999998	27.915967999999957	1.2388111999999996	3.461648	12.066208
7.366666666666664	27.915967999999957	1.2388111999999996	3.461648	12.066208
7.383333333333331	28.539951999999953	1.2388111999999996	4.0856319999999995	12.066208
7.399999999999997	28.539951999999953	1.2388111999999996	4.0856319999999995	12.066208
7.416666666666664	28.539951999999953	1.2388111999999996	4.0856319999999995	12.066208
7.43333333333333	29.163935999999953	1.2388111999999996	4.709616	12.066208
7.4499999999999975	29.163935999999953	1.2388111999999996	4.709616	12.066208
7.466666666666663	29.163935999999953	1.2388111999999996	4.709616	12.066208
7.483333333333331	29.78791999999995	1.2388111999999996	5.3336	12.066208
7.499999999999998	29.78791999999995	1.2388111999999996	5.3336	12.066208
7.516666666666664	29.78791999999995	1.2388111999999996	5.3336	12.066208
7.533333333333331	29.78791999999995	1.2388111999999996	5.3336	12.066208
7.549999999999997	30.411903999999947	1.2388111999999996	5.957584	12.066208
7.566666666666665	30.411903999999947	1.2388111999999996	5.957584	12.066208
7.58333333333333	30.411903999999947	1.2388111999999996	5.48464	12.539152
7.599999999999998	31.035887999999947	1.2388111999999996	6.108624	12.539152
7.616666666666664	31.035887999999947	1.2388111999999996	6.108624	12.539152
7.633333333333331	31.659871999999947	1.2388111999999996	5.48464	13.78712
7.649999999999997	31.659871999999947	1.2388111999999996	5.48464	13.78712
7.666666666666664	31.659871999999947	1.2388111999999996	5.48464	13.78712
7.68333333333333	31.659871999999947	1.2388111999999996	5.48464	13.78712
7.6999999999999975	32.28385599999995	1.2388111999999996	5.48464	14.411104
7.716666666666663	32.28385599999995	1.2388111999999996	5.48464	14.411104
7.733333333333331	32.28385599999995	1.2388111999999996	5.48464	14.411104
7.7499999999999964	32.90783999999995	1.2388111999999996	5.48464	15.035088
7.766666666666664	32.90783999999995	1.3012095999999995	5.48464	14.411104
7.783333333333331	32.90783999999995	1.3012095999999995	5.48464	14.411104
7.799999999999997	33.53559999999995	1.3012095999999995	5.48464	15.038864
7.816666666666665	33.53559999999995	1.3012095999999995	5.48464	15.038864
7.83333333333333	33.53559999999995	1.3012095999999995	5.48464	15.038864
7.849999999999998	34.16335999999995	1.3012095999999995	5.957584	15.19368
7.866666666666664	34.16335999999995	1.3012095999999995	5.957584	15.19368
7.883333333333331	34.16335999999995	1.3012095999999995	5.957584	15.19368
7.899999999999997	34.16335999999995	1.3012095999999995	5.957584	15.19368
7.916666666666664	34.79111999999995	1.3012095999999995	5.957584	15.82144
7.93333333333333	34.79111999999995	1.3012095999999995	5.957584	15.82144
7.9499999999999975	34.79111999999995	1.3012095999999995	5.957584	15.82144
7.966666666666663	35.41887999999995	1.3012095999999995	5.957584	16.4492
7.983333333333331	35.41887999999995	1.3012095999999995	5.957584	16.4492
7.9999999999999964	35.41887999999995	1.3012095999999995	5.957584	16.4492
8.016666666666664	36.046639999999954	1.3012095999999995	5.957584	17.076959999999996
8.033333333333331	36.046639999999954	1.3012095999999995	5.957584	17.076959999999996
8.049999999999997	36.046639999999954	1.3012095999999995	5.957584	17.076959999999996
8.066666666666665	36.67439999999995	1.3012095999999995	5.957584	17.704719999999995
8.08333333333333	36.67439999999995	1.3012095999999995	5.957584	17.704719999999995
8.099999999999998	36.67439999999995	1.3012095999999995	5.957584	17.704719999999995
8.116666666666664	37.30215999999995	1.3012095999999995	5.957584	18.332479999999993
8.133333333333331	37.30215999999995	1.3012095999999995	5.957584	18.332479999999993
8.149999999999997	37.30215999999995	1.3012095999999995	5.957584	18.332479999999993
8.166666666666664	37.30215999999995	1.3012095999999995	5.957584	18.332479999999993
8.18333333333333	37.92991999999995	1.3012095999999995	5.48464	19.433183999999986
8.199999999999998	37.92991999999995	1.3012095999999995	5.48464	19.433183999999986
8.216666666666663	37.92991999999995	1.3012095999999995	5.48464	19.433183999999986
8.23333333333333	38.55767999999995	1.3012095999999995	5.48464	20.060943999999985
8.249999999999996	38.55767999999995	1.3012095999999995	5.48464	20.060943999999985
8.266666666666664	38.55767999999995	1.3012095999999995	5.48464	20.060943999999985
8.283333333333331	39.18543999999995	1.3012095999999995	5.48464	20.688703999999984
8.299999999999997	39.18543999999995	1.3012095999999995	5.48464	20.688703999999984
8.316666666666665	39.18543999999995	1.3012095999999995	5.48464	20.688703999999984
8.33333333333333	39.81319999999995	1.3012095999999995	5.48464	21.316463999999982
8.349999999999998	39.81319999999995	1.3012095999999995	5.48464	21.316463999999982
8.366666666666664	39.81319999999995	1.3636079999999995	5.48464	20.692479999999986
8.383333333333331	40.440959999999954	1.3636079999999995	5.48464	21.32023999999998
8.399999999999997	40.440959999999954	1.3636079999999995	5.48464	21.32023999999998
8.416666666666664	40.440959999999954	1.3636079999999995	5.48464	21.32023999999998
8.43333333333333	41.06871999999995	1.4263839999999994	5.48464	21.32023999999998
8.449999999999998	41.06871999999995	1.4263839999999994	5.957584	20.847295999999982
8.466666666666663	41.06871999999995	1.4263839999999994	5.957584	20.847295999999982
8.48333333333333	41.69647999999995	1.4891599999999994	5.957584	20.847295999999982
8.499999999999996	41.69647999999995	1.4891599999999994	5.957584	20.847295999999982
8.516666666666664	42.32423999999995	1.5519359999999993	5.957584	20.847295999999982
8.53333333333333	42.32423999999995	1.5519359999999993	5.957584	20.847295999999982
8.549999999999997	42.32423999999995	1.5519359999999993	5.3336	21.471279999999982
8.566666666666665	42.951999999999956	1.6147119999999993	5.3336	21.471279999999982
8.58333333333333	42.951999999999956	1.6147119999999993	5.3336	21.471279999999982
8.599999999999998	42.951999999999956	1.6147119999999993	5.3336	21.471279999999982
8.616666666666664	43.57975999999995	1.6774879999999992	5.3336	21.471279999999982
8.633333333333331	43.57975999999995	1.6774879999999992	5.3336	21.471279999999982
8.649999999999997	43.57975999999995	1.6774879999999992	5.3336	21.471279999999982
8.666666666666664	43.57975999999995	1.6774879999999992	5.3336	21.471279999999982
8.68333333333333	44.20751999999995	1.7402639999999991	5.3336	21.471279999999982
8.699999999999998	44.20751999999995	1.7402639999999991	4.860656	21.94422399999998
8.716666666666663	44.20751999999995	1.803039999999999	4.860656	21.316463999999982
8.73333333333333	44.835279999999955	1.865815999999999	4.860656	21.316463999999982
8.749999999999996	44.835279999999955	1.865815999999999	4.860656	21.316463999999982
8.766666666666664	44.835279999999955	1.865815999999999	4.860656	21.316463999999982
8.78333333333333	45.46303999999996	1.928591999999999	4.860656	21.316463999999982
8.799999999999997	45.46303999999996	1.928591999999999	4.860656	21.316463999999982
8.816666666666663	45.46303999999996	1.928591999999999	4.860656	21.316463999999982
8.83333333333333	46.09079999999995	1.928591999999999	5.488416	21.316463999999982
8.849999999999998	46.09079999999995	1.928591999999999	5.488416	21.316463999999982
8.866666666666664	46.09079999999995	1.990990399999999	5.488416	20.692479999999986
8.883333333333331	46.718559999999954	1.990990399999999	6.116176	20.692479999999986
8.899999999999997	46.718559999999954	1.990990399999999	6.116176	20.692479999999986
8.916666666666664	46.718559999999954	1.990990399999999	6.116176	20.692479999999986
8.93333333333333	47.34631999999995	1.990990399999999	6.743936000000001	20.692479999999986
8.949999999999998	47.34631999999995	1.990990399999999	6.743936000000001	20.692479999999986
8.966666666666663	47.34631999999995	1.990990399999999	6.743936000000001	20.692479999999986
8.98333333333333	47.97407999999995	1.990990399999999	7.371696	20.692479999999986
8.999999999999996	47.97407999999995	1.990990399999999	7.371696	20.692479999999986
9.016666666666664	47.97407999999995	1.990990399999999	7.371696	20.692479999999986
9.03333333333333	48.60183999999995	1.990990399999999	7.999456	20.692479999999986
9.049999999999997	48.60183999999995	1.990990399999999	7.999456	20.692479999999986
9.066666666666663	48.60183999999995	1.990990399999999	7.999456	20.692479999999986
9.08333333333333	49.229599999999955	1.990990399999999	8.627215999999999	20.692479999999986
9.099999999999998	49.229599999999955	1.990990399999999	8.627215999999999	20.692479999999986
9.116666666666664	49.229599999999955	1.990990399999999	9.100159999999999	20.219535999999987
9.133333333333331	49.85735999999995	1.990990399999999	9.100159999999999	20.847295999999982
9.149999999999997	49.85735999999995	1.990990399999999	9.100159999999999	20.847295999999982
9.166666666666664	49.85735999999995	1.990990399999999	9.100159999999999	20.847295999999982
9.18333333333333	50.48511999999995	1.990990399999999	9.100159999999999	21.47505599999998
9.199999999999998	50.48511999999995	1.990990399999999	9.100159999999999	21.47505599999998
9.216666666666663	50.48511999999995	1.990990399999999	9.100159999999999	21.47505599999998
9.23333333333333	51.11287999999995	1.990990399999999	9.100159999999999	22.102815999999983
9.249999999999996	51.11287999999995	1.990990399999999	9.100159999999999	22.102815999999983
9.266666666666664	51.11287999999995	1.990990399999999	8.627215999999999	22.57575999999998
9.28333333333333	51.74063999999995	1.990990399999999	8.627215999999999	23.20351999999998
9.299999999999997	51.74063999999995	1.990990399999999	8.627215999999999	23.20351999999998
9.316666666666663	51.74063999999995	1.990990399999999	8.627215999999999	23.20351999999998
9.33333333333333	52.368399999999944	1.990990399999999	8.627215999999999	23.831279999999982
9.349999999999998	52.368399999999944	2.053388799999999	8.627215999999999	23.20729599999998
9.366666666666664	52.368399999999944	2.053388799999999	8.627215999999999	23.20729599999998
9.383333333333331	52.996159999999946	2.053388799999999	8.627215999999999	23.83505599999998
9.399999999999997	52.996159999999946	2.053388799999999	8.003231999999999	24.45903999999998
9.416666666666664	53.62391999999994	2.053388799999999	8.003231999999999	25.086799999999982
9.43333333333333	53.62391999999994	2.053388799999999	8.003231999999999	25.086799999999982
9.449999999999998	53.62391999999994	2.053388799999999	8.003231999999999	25.086799999999982
9.466666666666663	53.62391999999994	2.053388799999999	8.003231999999999	25.086799999999982
9.48333333333333	54.25167999999994	2.053388799999999	8.003231999999999	25.71455999999998
9.499999999999996	54.25167999999994	2.053388799999999	8.003231999999999	25.71455999999998
9.516666666666664	54.25167999999994	2.053388799999999	8.003231999999999	25.71455999999998
9.53333333333333	54.87943999999994	2.053388799999999	8.003231999999999	26.342319999999983
9.549999999999997	54.87943999999994	2.053388799999999	8.003231999999999	26.342319999999983
9.566666666666663	54.87943999999994	2.1161647999999995	8.003231999999999	25.71455999999998
9.58333333333333	55.50719999999994	2.1161647999999995	8.003231999999999	26.342319999999983
9.599999999999996	55.50719999999994	2.1161647999999995	8.003231999999999	26.342319999999983
9.616666666666664	55.50719999999994	2.1161647999999995	8.003231999999999	26.342319999999983
9.633333333333331	56.134959999999936	2.1161647999999995	8.003231999999999	26.97007999999998
9.649999999999997	56.134959999999936	2.1161647999999995	8.003231999999999	26.97007999999998
9.666666666666664	56.134959999999936	2.1161647999999995	7.375472	27.597839999999984
9.68333333333333	56.76271999999994	2.1161647999999995	7.375472	28.225599999999982
9.699999999999998	56.76271999999994	2.1161647999999995	7.375472	28.225599999999982
9.716666666666663	56.76271999999994	2.1161647999999995	7.375472	28.225599999999982
9.73333333333333	57.39047999999993	2.1161647999999995	7.375472	28.853359999999984
9.749999999999996	57.39047999999993	2.1161647999999995	7.375472	28.853359999999984
9.766666666666664	57.39047999999993	2.1161647999999995	7.375472	28.853359999999984
9.78333333333333	58.018239999999935	2.1161647999999995	7.999456	28.857135999999983
9.799999999999997	58.018239999999935	2.1161647999999995	7.999456	28.857135999999983
9.816666666666663	58.018239999999935	2.0688703999999993	7.999456	29.33007999999998
9.83333333333333	58.64599999999993	2.0688703999999993	7.999456	29.957839999999983
9.849999999999996	58.64599999999993	2.0688703999999993	7.999456	29.957839999999983
9.866666666666664	58.64599999999993	2.0688703999999993	7.999456	29.957839999999983
9.88333333333333	59.27375999999993	2.0688703999999993	8.4724	30.112655999999983
9.899999999999997	59.27375999999993	2.0688703999999993	8.4724	30.112655999999983
9.916666666666664	59.27375999999993	2.1316463999999993	8.4724	29.484895999999985
9.93333333333333	59.90151999999993	2.1944223999999997	8.4724	29.484895999999985
9.949999999999998	59.90151999999993	2.1944223999999997	8.4724	29.484895999999985
9.966666666666663	59.90151999999993	2.1944223999999997	8.4724	29.484895999999985
9.98333333333333	59.90151999999993	2.1944223999999997	8.4724	29.484895999999985
9.999999999999996	60.52927999999993	2.2571984	8.4724	29.484895999999985
10.016666666666664	60.52927999999993	2.2571984	8.4724	29.484895999999985
10.03333333333333	60.52927999999993	2.2571984	8.4724	29.484895999999985
10.049999999999997	61.157039999999924	2.3199744	8.4724	29.484895999999985
10.066666666666663	61.157039999999924	2.3199744	8.4724	29.484895999999985
10.08333333333333	61.157039999999924	2.3199744	8.4724	29.484895999999985
10.099999999999996	61.784799999999926	2.3827504000000004	8.4724	29.484895999999985
10.116666666666664	61.784799999999926	2.3827504000000004	8.4724	29.484895999999985
10.13333333333333	61.784799999999926	2.3827504000000004	7.848416	30.108879999999985
10.149999999999997	62.41255999999992	2.4455264000000008	7.848416	30.108879999999985
10.166666666666664	62.41255999999992	2.4455264000000008	7.848416	30.108879999999985
10.18333333333333	62.41255999999992	2.4455264000000008	7.848416	30.108879999999985
10.199999999999998	63.04031999999992	2.5083024000000007	7.848416	30.108879999999985
10.216666666666663	63.04031999999992	2.5083024000000007	7.848416	30.108879999999985
10.23333333333333	63.04031999999992	2.5083024000000007	8.4724	29.484895999999985
10.249999999999996	63.66807999999992	2.571078400000001	8.4724	29.484895999999985
10.266666666666664	63.66807999999992	2.571078400000001	8.4724	29.484895999999985
10.28333333333333	64.29583999999993	2.571078400000001	9.100159999999999	29.484895999999985
10.299999999999997	64.29583999999993	2.571078400000001	9.100159999999999	29.484895999999985
10.316666666666663	64.29583999999993	2.571078400000001	9.100159999999999	29.484895999999985
10.33333333333333	64.29583999999993	2.6338544000000015	9.100159999999999	28.857135999999983
10.349999999999996	64.92359999999992	2.6338544000000015	9.72792	28.857135999999983
10.366666666666664	64.92359999999992	2.6338544000000015	9.72792	28.857135999999983
10.38333333333333	64.92359999999992	2.6338544000000015	9.72792	28.857135999999983
10.399999999999997	65.55135999999993	2.5865600000000013	10.35568	29.33007999999998
10.416666666666664	65.55135999999993	2.5865600000000013	10.35568	29.33007999999998
10.43333333333333	65.55135999999993	2.5865600000000013	10.35568	29.33007999999998
10.449999999999998	66.17911999999993	2.5865600000000013	10.98344	29.33007999999998
10.466666666666663	66.17911999999993	2.5865600000000013	10.98344	29.33007999999998
10.48333333333333	66.17911999999993	2.5865600000000013	10.98344	29.33007999999998
10.499999999999996	66.80687999999994	2.5865600000000013	11.6112	29.33007999999998
10.516666666666664	66.80687999999994	2.5865600000000013	11.6112	29.33007999999998
10.53333333333333	66.80687999999994	2.5865600000000013	11.6112	29.33007999999998
10.549999999999997	67.43463999999993	2.5865600000000013	12.23896	29.33007999999998
10.566666666666663	67.43463999999993	2.5865600000000013	12.23896	29.33007999999998
10.58333333333333	67.43463999999993	2.5865600000000013	12.23896	29.33007999999998
10.599999999999996	67.43463999999993	2.5865600000000013	12.23896	29.33007999999998
10.616666666666664	68.06239999999994	2.5865600000000013	12.23896	29.957839999999983
10.63333333333333	68.06239999999994	2.5865600000000013	12.23896	29.957839999999983
10.649999999999997	68.06239999999994	2.5865600000000013	12.23896	29.957839999999983
10.666666666666663	68.69015999999993	2.5865600000000013	12.23896	30.58559999999998
10.68333333333333	68.69015999999993	2.5865600000000013	12.862944	29.96161599999998
10.699999999999998	68.69015999999993	2.5865600000000013	12.862944	29.96161599999998
10.716666666666663	69.31791999999994	2.5865600000000013	12.862944	30.58937599999998
10.73333333333333	69.31791999999994	2.5865600000000013	12.862944	30.58937599999998
10.749999999999996	69.31791999999994	2.5865600000000013	12.862944	30.58937599999998
10.766666666666664	69.94567999999994	2.5865600000000013	12.235184	31.844895999999977
10.78333333333333	69.94567999999994	2.5865600000000013	12.235184	31.844895999999977
10.799999999999997	69.94567999999994	2.5865600000000013	11.6112	32.46887999999998
10.816666666666663	70.57343999999995	2.5865600000000013	11.6112	33.09663999999998
10.83333333333333	70.57343999999995	2.5865600000000013	11.6112	33.09663999999998
10.849999999999996	70.57343999999995	2.5865600000000013	11.6112	33.09663999999998
10.866666666666664	70.57343999999995	2.5865600000000013	11.6112	33.09663999999998
10.88333333333333	71.20119999999994	2.6493360000000012	11.6112	33.09663999999998
10.899999999999997	71.20119999999994	2.6493360000000012	11.6112	33.09663999999998
10.916666666666663	71.20119999999994	2.6493360000000012	11.6112	33.09663999999998
10.93333333333333	71.20119999999994	2.6493360000000012	11.6112	33.09663999999998
10.949999999999996	71.20119999999994	2.6493360000000012	11.6112	33.09663999999998
10.966666666666663	71.20119999999994	2.6493360000000012	11.6112	33.09663999999998
10.98333333333333	71.20119999999994	2.6493360000000012	11.6112	33.09663999999998
10.999999999999996	71.20119999999994	2.6493360000000012	11.6112	33.09663999999998
11.016666666666664	71.20119999999994	2.7121120000000016	11.6112	32.46887999999998
11.03333333333333	71.20119999999994	2.6648176000000015	11.6112	32.941823999999976
11.049999999999997	71.20119999999994	2.6648176000000015	11.6112	32.941823999999976
11.066666666666663	71.20119999999994	2.6648176000000015	11.6112	32.941823999999976
11.08333333333333	70.72825599999994	2.6648176000000015	11.6112	32.46887999999998
11.099999999999996	70.72825599999994	2.6648176000000015	11.6112	32.46887999999998
11.116666666666664	70.72825599999994	2.6648176000000015	11.6112	32.46887999999998
11.13333333333333	70.25531199999995	2.6648176000000015	11.6112	31.99593599999998
11.149999999999997	70.25531199999995	2.6648176000000015	11.6112	31.99593599999998
11.166666666666663	70.25531199999995	2.6648176000000015	12.235184	31.37195199999998
11.18333333333333	69.78236799999995	2.6648176000000015	11.76224	31.37195199999998
11.199999999999996	69.78236799999995	2.6648176000000015	11.76224	31.37195199999998
11.216666666666663	69.78236799999995	2.6648176000000015	11.76224	31.37195199999998
11.23333333333333	69.78236799999995	2.6648176000000015	11.76224	31.37195199999998
11.249999999999996	69.30942399999995	2.6648176000000015	11.289296	31.37195199999998
11.266666666666664	69.30942399999995	2.6648176000000015	11.289296	31.37195199999998
11.28333333333333	69.30942399999995	2.6648176000000015	11.289296	31.37195199999998
11.299999999999997	68.83647999999995	2.6648176000000015	10.816352	31.37195199999998
11.316666666666663	68.83647999999995	2.6648176000000015	10.816352	31.37195199999998
11.33333333333333	68.36353599999995	2.6648176000000015	10.343408	31.37195199999998
11.349999999999996	68.36353599999995	2.6648176000000015	10.343408	31.37195199999998
11.366666666666664	68.36353599999995	2.6648176000000015	9.719424	31.99593599999998
11.38333333333333	67.89059199999996	2.6648176000000015	9.24648	31.99593599999998
11.399999999999997	67.89059199999996	2.6648176000000015	9.24648	31.99593599999998
11.416666666666663	67.89059199999996	2.6648176000000015	9.24648	31.99593599999998
11.43333333333333	67.41764799999996	2.6648176000000015	8.773536	31.99593599999998
11.449999999999996	67.41764799999996	2.6648176000000015	8.773536	31.99593599999998
11.466666666666663	67.41764799999996	2.6648176000000015	8.773536	31.99593599999998
11.48333333333333	66.94470399999996	2.6175232000000013	8.773536	31.99593599999998
11.499999999999996	66.94470399999996	2.6175232000000013	8.773536	31.99593599999998
11.516666666666664	66.94470399999996	2.6175232000000013	8.773536	31.99593599999998
11.53333333333333	66.47175999999996	2.570228800000001	8.773536	31.99593599999998
11.549999999999997	66.47175999999996	2.570228800000001	8.145776	32.62369599999998
11.566666666666663	66.47175999999996	2.570228800000001	8.145776	32.62369599999998
11.58333333333333	66.47175999999996	2.570228800000001	8.145776	32.62369599999998
11.599999999999996	65.99881599999996	2.522934400000001	8.145776	32.62369599999998
11.616666666666664	65.99881599999996	2.585710400000001	8.145776	31.99593599999998
11.63333333333333	65.99881599999996	2.585710400000001	8.145776	31.99593599999998
11.649999999999997	65.52587199999996	2.5384160000000007	8.145776	31.99593599999998
11.666666666666663	65.52587199999996	2.5384160000000007	7.518016	32.62369599999998
11.68333333333333	65.52587199999996	2.5384160000000007	7.518016	32.62369599999998
11.699999999999996	65.05292799999997	2.4911216000000005	7.518016	32.62369599999998
11.716666666666663	65.05292799999997	2.4438272000000003	8.142	32.47265599999998
11.733333333333329	65.05292799999997	2.4438272000000003	8.142	32.47265599999998
11.749999999999996	64.57998399999997	2.3965328	8.142	32.47265599999998
11.766666666666664	64.57998399999997	2.3965328	8.142	32.47265599999998
11.78333333333333	64.57998399999997	2.3965328	8.142	32.47265599999998
11.799999999999997	64.10703999999997	2.3492384	8.142	32.47265599999998
11.816666666666663	64.10703999999997	2.4120144000000003	8.142	31.844895999999977
11.83333333333333	64.10703999999997	2.4120144000000003	8.142	31.844895999999977
11.849999999999996	63.63409599999997	2.36472	8.142	31.844895999999977
11.866666666666664	63.63409599999997	2.36472	8.142	31.844895999999977
11.88333333333333	63.63409599999997	2.36472	8.142	31.844895999999977
11.899999999999997	63.63409599999997	2.36472	8.142	31.844895999999977
11.916666666666663	63.16115199999997	2.2550272	8.142	32.46887999999998
11.93333333333333	63.16115199999997	2.2550272	8.142	32.46887999999998
11.949999999999996	63.16115199999997	2.2550272	8.142	32.46887999999998
11.966666666666663	62.688207999999975	2.2550272	8.142	31.99593599999998
11.983333333333329	62.688207999999975	2.2550272	8.142	31.99593599999998
11.999999999999996	62.688207999999975	2.2550272	8.142	31.99593599999998
12.016666666666662	62.215263999999976	2.2550272	8.142	31.52299199999998
12.03333333333333	62.215263999999976	2.2550272	8.142	31.52299199999998
12.049999999999997	62.215263999999976	2.2550272	8.142	31.52299199999998
12.066666666666663	61.74231999999998	2.2550272	8.142	31.050047999999983
12.08333333333333	61.74231999999998	2.2550272	8.142	31.050047999999983
12.099999999999996	61.74231999999998	2.2550272	8.142	31.050047999999983
12.116666666666664	61.74231999999998	2.2550272	8.142	31.050047999999983
12.13333333333333	61.26937599999998	2.2550272	8.142	30.577103999999984
12.149999999999997	61.26937599999998	2.2550272	8.76976	29.949343999999986
12.166666666666663	61.26937599999998	2.2550272	8.76976	29.949343999999986
12.18333333333333	60.79643199999998	2.2550272	8.76976	29.476399999999988
12.199999999999996	60.79643199999998	2.2550272	8.76976	29.476399999999988
12.216666666666663	60.32348799999998	2.2550272	8.76976	29.00345599999999
12.233333333333329	60.32348799999998	2.2550272	8.76976	29.00345599999999
12.249999999999996	60.32348799999998	2.2550272	8.76976	29.00345599999999
12.266666666666662	60.32348799999998	2.2550272	8.76976	29.00345599999999
12.28333333333333	59.850543999999985	2.2550272	8.76976	28.53051199999999
12.299999999999997	59.850543999999985	2.2550272	8.76976	28.53051199999999
12.316666666666663	59.850543999999985	2.2550272	8.76976	28.53051199999999
12.33333333333333	59.37759999999999	2.2550272	8.76976	28.057567999999993
12.349999999999996	59.37759999999999	2.2550272	9.393744	27.433583999999993
12.366666666666664	59.37759999999999	2.2550272	9.393744	27.433583999999993
12.38333333333333	58.90465599999999	2.2550272	9.393744	26.960639999999994
12.399999999999997	58.90465599999999	2.2550272	8.765984	27.588399999999993
12.416666666666663	58.90465599999999	2.2550272	8.765984	27.588399999999993
12.43333333333333	58.90465599999999	2.2550272	8.765984	27.588399999999993
12.449999999999996	58.43171199999999	2.2550272	8.765984	27.115455999999995
12.466666666666663	58.43171199999999	2.1926287999999996	8.765984	27.739439999999995
12.483333333333329	58.43171199999999	2.1926287999999996	8.765984	27.739439999999995
12.499999999999996	57.95876799999999	2.1926287999999996	8.765984	27.266495999999997
12.516666666666662	57.95876799999999	2.1926287999999996	8.765984	27.266495999999997
12.53333333333333	57.95876799999999	2.1926287999999996	8.765984	27.266495999999997
12.549999999999997	57.95876799999999	2.1926287999999996	8.765984	27.266495999999997
12.566666666666663	57.485823999999994	2.1926287999999996	8.765984	26.793552
12.58333333333333	57.485823999999994	2.1926287999999996	8.765984	26.793552
12.599999999999996	57.485823999999994	2.1926287999999996	8.138224	27.421311999999997
12.616666666666664	57.012879999999996	2.1926287999999996	8.138224	26.948368
12.63333333333333	57.012879999999996	2.1926287999999996	8.138224	26.948368
12.649999999999997	57.012879999999996	2.1926287999999996	8.765984	26.320608
12.666666666666663	57.012879999999996	2.1926287999999996	8.765984	26.320608
12.68333333333333	56.388895999999995	2.2554047999999995	8.765984	25.068864
12.699999999999996	56.388895999999995	2.2554047999999995	8.765984	25.068864
12.716666666666663	56.388895999999995	2.2554047999999995	8.765984	25.068864
12.733333333333329	55.764911999999995	2.2554047999999995	8.142	25.068864
12.749999999999996	55.764911999999995	2.2554047999999995	8.142	25.068864
12.766666666666662	55.764911999999995	2.2554047999999995	8.142	25.068864
12.78333333333333	55.764911999999995	2.2554047999999995	8.142	25.068864
12.799999999999995	55.140927999999995	2.2554047999999995	7.518016	25.068864
12.816666666666663	55.140927999999995	2.2554047999999995	7.518016	25.068864
12.83333333333333	55.140927999999995	2.2554047999999995	7.518016	25.068864
12.849999999999996	54.516943999999995	2.2554047999999995	6.894032	25.068864
12.866666666666664	54.516943999999995	2.2554047999999995	6.894032	25.068864
12.88333333333333	54.516943999999995	2.2554047999999995	6.894032	25.068864
12.899999999999997	54.516943999999995	2.2554047999999995	6.894032	25.068864
12.916666666666663	53.892959999999995	2.2554047999999995	6.270048	25.068864
12.93333333333333	53.892959999999995	2.2554047999999995	6.270048	25.068864
12.949999999999996	53.892959999999995	2.2554047999999995	6.270048	25.068864
12.966666666666663	53.268975999999995	2.2554047999999995	5.646064	25.068864
12.983333333333329	53.268975999999995	2.2554047999999995	5.646064	25.068864
12.999999999999996	53.268975999999995	2.1930063999999994	5.646064	25.692848
13.016666666666662	53.268975999999995	2.1930063999999994	5.646064	25.692848
13.03333333333333	52.644991999999995	2.1930063999999994	5.02208	25.692848
13.049999999999995	52.644991999999995	2.1930063999999994	5.02208	25.692848
13.066666666666663	52.644991999999995	2.1930063999999994	5.02208	25.692848
13.083333333333329	52.644991999999995	2.1930063999999994	5.02208	25.692848
13.099999999999996	52.021007999999995	2.130607999999999	5.02208	25.692848
13.116666666666664	52.021007999999995	2.130607999999999	5.64984	25.065088000000003
13.13333333333333	52.021007999999995	2.130607999999999	5.64984	25.065088000000003
13.149999999999997	51.397023999999995	2.068209599999999	5.64984	25.065088000000003
13.166666666666663	51.397023999999995	2.068209599999999	5.64984	25.065088000000003
13.18333333333333	51.397023999999995	2.068209599999999	5.64984	25.065088000000003
13.199999999999996	51.397023999999995	2.068209599999999	5.02208	25.692848
13.216666666666663	50.773039999999995	2.005811199999999	5.02208	25.692848
13.233333333333329	50.773039999999995	2.005811199999999	5.02208	25.692848
13.249999999999996	50.773039999999995	2.005811199999999	5.02208	25.692848
13.266666666666662	50.149055999999995	1.9434127999999988	5.02208	25.692848
13.28333333333333	50.149055999999995	1.9434127999999988	5.02208	25.692848
13.299999999999995	50.149055999999995	1.9434127999999988	5.02208	25.692848
13.316666666666663	50.149055999999995	1.9434127999999988	5.02208	25.692848
13.333333333333329	49.525071999999994	1.8810143999999989	5.02208	25.692848
13.349999999999996	49.525071999999994	1.8810143999999989	5.02208	25.692848
13.366666666666664	49.525071999999994	1.8810143999999989	5.02208	25.692848
13.38333333333333	49.525071999999994	1.8810143999999989	5.02208	25.692848
13.399999999999997	48.901087999999994	1.818615999999999	5.02208	25.692848
13.416666666666663	48.901087999999994	1.818615999999999	5.02208	25.692848
13.43333333333333	48.901087999999994	1.818615999999999	5.02208	25.692848
13.449999999999996	48.277103999999994	1.756217599999999	5.02208	25.692848
13.466666666666663	48.277103999999994	1.756217599999999	5.02208	25.692848
13.483333333333329	48.277103999999994	1.8189935999999989	5.02208	25.065088000000003
13.499999999999996	48.277103999999994	1.8189935999999989	5.02208	25.065088000000003
13.516666666666662	47.653119999999994	1.756595199999999	5.02208	25.065088000000003
13.53333333333333	47.653119999999994	1.756595199999999	5.02208	25.065088000000003
13.549999999999995	47.653119999999994	1.756595199999999	5.02208	25.065088000000003
13.566666666666663	47.653119999999994	1.694196799999999	5.02208	25.689072000000003
13.583333333333329	47.029135999999994	1.631798399999999	5.02208	25.689072000000003
13.599999999999996	47.029135999999994	1.631798399999999	5.02208	25.689072000000003
13.616666666666664	47.029135999999994	1.631798399999999	5.02208	25.689072000000003
13.63333333333333	47.029135999999994	1.631798399999999	5.02208	25.689072000000003
13.649999999999997	46.405151999999994	1.569399999999999	5.02208	25.689072000000003
13.666666666666663	46.405151999999994	1.569399999999999	5.02208	25.689072000000003
13.68333333333333	46.405151999999994	1.569399999999999	5.02208	25.689072000000003
13.699999999999996	46.405151999999994	1.569399999999999	5.02208	25.689072000000003
13.716666666666663	45.781167999999994	1.569399999999999	5.02208	25.065088000000003
13.733333333333329	45.781167999999994	1.569399999999999	5.02208	25.065088000000003
13.749999999999996	45.781167999999994	1.569399999999999	5.02208	25.065088000000003
13.766666666666662	45.781167999999994	1.569399999999999	5.02208	25.065088000000003
13.78333333333333	45.157183999999994	1.569399999999999	5.02208	24.441104000000003
13.799999999999995	45.157183999999994	1.569399999999999	5.02208	24.441104000000003
13.816666666666663	45.157183999999994	1.569399999999999	5.02208	24.441104000000003
13.833333333333329	45.157183999999994	1.569399999999999	5.02208	24.441104000000003
13.849999999999996	44.533199999999994	1.569399999999999	5.02208	23.817120000000003
13.866666666666662	44.533199999999994	1.569399999999999	5.02208	23.817120000000003
13.88333333333333	44.533199999999994	1.569399999999999	5.02208	23.817120000000003
13.899999999999995	44.533199999999994	1.569399999999999	4.39432	24.44488
13.916666666666664	43.909215999999994	1.569399999999999	4.39432	23.820896
13.93333333333333	43.909215999999994	1.569399999999999	4.39432	23.820896
13.949999999999996	43.909215999999994	1.569399999999999	4.39432	23.820896
13.966666666666661	43.909215999999994	1.569399999999999	4.39432	23.820896
13.98333333333333	43.909215999999994	1.569399999999999	4.39432	23.820896
13.999999999999996	43.28523199999999	1.569399999999999	4.39432	23.196912
14.016666666666662	43.28523199999999	1.569399999999999	5.02208	22.569152000000003
14.033333333333328	43.28523199999999	1.569399999999999	5.02208	22.569152000000003
14.049999999999997	43.28523199999999	1.569399999999999	5.02208	22.569152000000003
14.066666666666663	42.66124799999999	1.569399999999999	5.02208	21.945168000000002
14.083333333333329	42.66124799999999	1.569399999999999	5.02208	21.945168000000002
14.099999999999994	42.66124799999999	1.569399999999999	5.02208	21.945168000000002
14.116666666666664	42.66124799999999	1.569399999999999	5.02208	21.945168000000002
14.13333333333333	42.03726399999999	1.569399999999999	5.02208	21.321184000000002
14.149999999999995	42.03726399999999	1.569399999999999	5.02208	21.321184000000002
14.166666666666664	42.03726399999999	1.569399999999999	5.02208	21.321184000000002
14.18333333333333	42.03726399999999	1.569399999999999	5.02208	21.321184000000002
14.199999999999996	41.41327999999999	1.569399999999999	5.64984	20.069440000000004
14.216666666666661	41.41327999999999	1.569399999999999	5.64984	20.069440000000004
14.23333333333333	41.41327999999999	1.569399999999999	5.64984	20.069440000000004
14.249999999999996	41.41327999999999	1.569399999999999	5.64984	20.069440000000004
14.266666666666662	40.78929599999999	1.569399999999999	5.64984	19.445456000000004
14.283333333333328	40.78929599999999	1.569399999999999	5.64984	19.445456000000004
14.299999999999997	40.78929599999999	1.569399999999999	5.64984	19.445456000000004
14.316666666666663	40.78929599999999	1.569399999999999	5.64984	19.445456000000004
14.333333333333329	40.78929599999999	1.569399999999999	5.64984	19.445456000000004
14.349999999999994	40.16531199999999	1.569399999999999	5.64984	18.821472000000004
14.366666666666664	40.16531199999999	1.569399999999999	5.64984	18.821472000000004
14.38333333333333	40.16531199999999	1.569399999999999	5.64984	18.821472000000004
14.399999999999995	39.54132799999999	1.569399999999999	5.64984	18.197488000000003
14.416666666666664	39.54132799999999	1.569399999999999	5.64984	18.197488000000003
14.43333333333333	39.54132799999999	1.569399999999999	5.64984	18.197488000000003
14.449999999999996	39.54132799999999	1.569399999999999	5.64984	18.197488000000003
14.466666666666661	38.91734399999999	1.569399999999999	5.64984	17.573504000000003
14.48333333333333	38.91734399999999	1.569399999999999	5.64984	17.573504000000003
14.499999999999996	38.91734399999999	1.569399999999999	5.64984	17.573504000000003
14.516666666666662	38.91734399999999	1.569399999999999	5.64984	17.573504000000003
14.533333333333328	38.91734399999999	1.506623999999999	5.64984	18.201264000000002
14.549999999999997	38.29335999999999	1.506623999999999	5.64984	17.577280000000002
14.566666666666663	38.29335999999999	1.506623999999999	5.64984	17.577280000000002
14.583333333333329	38.29335999999999	1.506623999999999	5.64984	17.577280000000002
14.599999999999994	38.29335999999999	1.506623999999999	5.64984	17.577280000000002
14.616666666666664	37.66559999999999	1.506623999999999	5.64984	16.949520000000003
14.63333333333333	37.66559999999999	1.506623999999999	5.64984	16.949520000000003
14.649999999999995	37.66559999999999	1.506623999999999	5.64984	16.949520000000003
14.66666666666666	37.66559999999999	1.506623999999999	5.64984	16.949520000000003
14.68333333333333	37.66559999999999	1.506623999999999	5.64984	16.949520000000003
14.699999999999996	37.03783999999999	1.506623999999999	5.02208	16.949520000000003
14.716666666666661	37.03783999999999	1.506623999999999	5.02208	16.949520000000003
14.73333333333333	37.03783999999999	1.506623999999999	5.02208	16.949520000000003
14.749999999999996	37.03783999999999	1.506623999999999	5.02208	16.949520000000003
14.766666666666662	36.41007999999999	1.506623999999999	4.39432	16.949520000000003
14.783333333333328	36.41007999999999	1.506623999999999	4.39432	16.949520000000003
14.799999999999997	36.41007999999999	1.506623999999999	4.39432	16.949520000000003
14.816666666666663	36.41007999999999	1.506623999999999	4.39432	16.949520000000003
14.833333333333329	36.41007999999999	1.506623999999999	4.39432	16.949520000000003
14.849999999999994	35.782319999999984	1.506623999999999	4.39432	16.321760000000005
14.866666666666664	35.782319999999984	1.506623999999999	4.39432	16.321760000000005
14.88333333333333	35.782319999999984	1.506623999999999	4.39432	16.321760000000005
14.899999999999995	35.782319999999984	1.506623999999999	4.39432	16.321760000000005
14.91666666666666	35.15455999999998	1.506623999999999	3.7665599999999997	16.321760000000005
14.93333333333333	35.15455999999998	1.506623999999999	3.7665599999999997	16.321760000000005
14.949999999999996	35.15455999999998	1.506623999999999	3.7665599999999997	16.321760000000005
14.966666666666661	35.15455999999998	1.506623999999999	3.7665599999999997	16.321760000000005
14.98333333333333	35.15455999999998	1.506623999999999	3.7665599999999997	16.321760000000005
14.999999999999996	34.52679999999998	1.506623999999999	3.1388	16.321760000000005
15.016666666666662	34.52679999999998	1.506623999999999	3.1388	16.321760000000005
15.033333333333328	34.52679999999998	1.506623999999999	3.1388	16.321760000000005
15.049999999999997	34.52679999999998	1.506623999999999	3.1388	16.321760000000005
15.066666666666663	33.89903999999998	1.506623999999999	2.51104	16.321760000000005
15.083333333333329	33.89903999999998	1.506623999999999	2.51104	16.321760000000005
15.099999999999994	33.89903999999998	1.506623999999999	2.51104	16.321760000000005
15.116666666666664	33.89903999999998	1.4438479999999991	2.51104	16.949520000000003
15.13333333333333	33.89903999999998	1.4438479999999991	2.51104	16.949520000000003
15.149999999999995	33.271279999999976	1.3810719999999992	2.51104	16.949520000000003
15.16666666666666	33.271279999999976	1.3810719999999992	2.51104	16.949520000000003
15.18333333333333	33.271279999999976	1.3810719999999992	2.51104	16.949520000000003
15.199999999999996	33.271279999999976	1.3810719999999992	2.51104	16.949520000000003
15.216666666666661	33.271279999999976	1.3810719999999992	2.51104	16.949520000000003
15.23333333333333	32.643519999999974	1.3182959999999992	2.51104	16.949520000000003
15.249999999999996	32.643519999999974	1.3182959999999992	2.51104	16.949520000000003
15.266666666666662	32.643519999999974	1.3182959999999992	2.51104	16.949520000000003
15.283333333333328	32.643519999999974	1.3182959999999992	2.51104	16.949520000000003
15.299999999999997	32.01575999999997	1.2555199999999993	2.51104	16.949520000000003
15.316666666666663	32.01575999999997	1.2555199999999993	2.51104	16.949520000000003
15.333333333333329	32.01575999999997	1.2555199999999993	2.51104	16.949520000000003
15.349999999999994	32.01575999999997	1.2555199999999993	2.51104	16.949520000000003
15.366666666666664	32.01575999999997	1.2555199999999993	1.88328	17.577280000000002
15.38333333333333	31.38799999999997	1.1927439999999994	1.88328	17.577280000000002
15.399999999999995	31.38799999999997	1.1927439999999994	1.88328	17.577280000000002
15.41666666666666	31.38799999999997	1.1927439999999994	2.51104	16.949520000000003
15.43333333333333	31.38799999999997	1.1927439999999994	2.51104	16.949520000000003
15.449999999999996	31.38799999999997	1.1927439999999994	2.51104	16.949520000000003
15.466666666666661	30.76023999999997	1.1299679999999994	2.51104	16.949520000000003
15.483333333333327	30.76023999999997	1.1299679999999994	2.51104	16.949520000000003
15.499999999999996	30.76023999999997	1.1299679999999994	2.51104	16.949520000000003
15.516666666666662	30.76023999999997	1.1299679999999994	2.51104	16.949520000000003
15.533333333333328	30.76023999999997	1.1299679999999994	2.51104	16.949520000000003
15.549999999999997	30.132479999999973	1.0671919999999995	2.51104	16.949520000000003
15.566666666666663	30.132479999999973	1.0671919999999995	2.51104	16.949520000000003
15.583333333333329	30.132479999999973	1.0671919999999995	2.51104	16.949520000000003
15.599999999999994	30.132479999999973	1.0671919999999995	2.51104	16.949520000000003
15.616666666666664	30.132479999999973	1.0671919999999995	2.51104	16.949520000000003
15.63333333333333	29.504719999999974	1.0044159999999995	2.51104	16.949520000000003
15.649999999999995	29.504719999999974	1.0044159999999995	2.51104	16.949520000000003
15.66666666666666	29.504719999999974	1.0044159999999995	2.51104	16.949520000000003
15.68333333333333	28.876959999999976	0.8788639999999996	2.51104	17.577280000000002
15.699999999999996	28.876959999999976	0.8788639999999996	2.51104	17.577280000000002
15.716666666666661	28.876959999999976	0.8788639999999996	2.51104	17.577280000000002
15.733333333333327	28.876959999999976	0.8788639999999996	2.51104	17.577280000000002
15.749999999999996	28.876959999999976	0.8788639999999996	2.51104	17.577280000000002
15.766666666666662	28.249199999999977	0.8160879999999997	2.51104	17.577280000000002
15.783333333333328	28.249199999999977	0.8160879999999997	2.51104	17.577280000000002
15.799999999999997	28.249199999999977	0.8160879999999997	2.51104	17.577280000000002
15.816666666666663	28.249199999999977	0.8160879999999997	2.51104	17.577280000000002
15.833333333333329	28.249199999999977	0.8160879999999997	2.51104	17.577280000000002
15.849999999999994	27.62143999999998	0.7533119999999998	2.51104	17.577280000000002
15.866666666666664	27.62143999999998	0.7533119999999998	2.51104	17.577280000000002
15.88333333333333	27.62143999999998	0.7533119999999998	2.51104	17.577280000000002
15.899999999999995	27.62143999999998	0.7533119999999998	2.51104	17.577280000000002
15.91666666666666	27.62143999999998	0.7533119999999998	2.51104	17.577280000000002
15.93333333333333	26.99367999999998	0.7533119999999998	3.1388	16.321760000000005
15.949999999999996	26.99367999999998	0.7533119999999998	3.1388	16.321760000000005
15.966666666666661	26.99367999999998	0.7533119999999998	3.1388	16.321760000000005
15.983333333333327	26.99367999999998	0.7533119999999998	3.1388	16.321760000000005
15.999999999999996	26.99367999999998	0.7533119999999998	3.1388	16.321760000000005
16.016666666666662	26.36591999999998	0.7533119999999998	3.1388	15.694000000000004
16.033333333333328	26.36591999999998	0.7533119999999998	3.1388	15.694000000000004
16.049999999999997	26.36591999999998	0.7533119999999998	3.1388	15.694000000000004
16.066666666666663	26.36591999999998	0.7533119999999998	3.1388	15.694000000000004
16.08333333333333	26.36591999999998	0.7533119999999998	3.1388	15.694000000000004
16.099999999999994	25.738159999999983	0.7533119999999998	3.1388	15.066240000000004
16.116666666666664	25.738159999999983	0.7533119999999998	3.1388	15.066240000000004
16.13333333333333	25.738159999999983	0.7533119999999998	3.1388	15.066240000000004
16.149999999999995	25.738159999999983	0.7533119999999998	3.1388	15.066240000000004
16.16666666666666	25.738159999999983	0.7533119999999998	3.1388	15.066240000000004
16.18333333333333	25.110399999999984	0.7533119999999998	3.1388	14.438480000000004
16.199999999999996	25.110399999999984	0.7533119999999998	3.1388	14.438480000000004
16.21666666666666	25.110399999999984	0.7533119999999998	2.51104	15.066240000000004
16.233333333333327	25.110399999999984	0.7533119999999998	2.51104	15.066240000000004
16.249999999999996	25.110399999999984	0.7533119999999998	2.51104	15.066240000000004
16.266666666666662	24.482639999999986	0.7533119999999998	2.51104	14.438480000000004
16.283333333333328	24.482639999999986	0.7533119999999998	2.51104	14.438480000000004
16.299999999999997	24.482639999999986	0.7533119999999998	2.51104	14.438480000000004
16.316666666666663	24.482639999999986	0.7533119999999998	2.51104	14.438480000000004
16.33333333333333	24.482639999999986	0.7533119999999998	2.51104	14.438480000000004
16.349999999999994	23.854879999999987	0.7533119999999998	2.51104	13.810720000000003
16.366666666666664	23.854879999999987	0.7533119999999998	2.51104	13.810720000000003
16.38333333333333	23.854879999999987	0.7533119999999998	2.51104	13.810720000000003
16.399999999999995	23.854879999999987	0.7533119999999998	2.51104	13.810720000000003
16.41666666666666	23.854879999999987	0.7533119999999998	3.1388	13.182960000000003
16.43333333333333	23.22711999999999	0.7533119999999998	3.1388	12.555200000000003
16.449999999999996	23.22711999999999	0.7533119999999998	3.1388	12.555200000000003
16.46666666666666	23.22711999999999	0.7533119999999998	3.1388	12.555200000000003
16.483333333333327	23.22711999999999	0.7533119999999998	3.1388	12.555200000000003
16.499999999999996	23.22711999999999	0.7533119999999998	3.1388	12.555200000000003
16.516666666666662	22.59935999999999	0.7533119999999998	3.1388	11.927440000000002
16.533333333333328	22.59935999999999	0.7533119999999998	3.1388	11.927440000000002
16.549999999999997	22.59935999999999	0.7533119999999998	3.1388	11.927440000000002
16.566666666666663	22.59935999999999	0.7533119999999998	3.1388	11.927440000000002
16.58333333333333	22.59935999999999	0.7533119999999998	3.1388	11.927440000000002
16.599999999999994	21.97159999999999	0.7533119999999998	3.1388	11.299680000000002
16.616666666666664	21.97159999999999	0.7533119999999998	3.1388	11.299680000000002
16.63333333333333	21.97159999999999	0.7533119999999998	3.1388	11.299680000000002
16.649999999999995	21.97159999999999	0.7533119999999998	3.1388	11.299680000000002
16.66666666666666	21.97159999999999	0.7533119999999998	3.1388	11.299680000000002
16.68333333333333	21.343839999999993	0.7533119999999998	3.1388	10.671920000000002
16.699999999999996	21.343839999999993	0.7533119999999998	3.1388	10.671920000000002
16.71666666666666	21.343839999999993	0.7533119999999998	3.1388	10.671920000000002
16.733333333333327	21.343839999999993	0.7533119999999998	3.1388	10.671920000000002
16.749999999999996	21.343839999999993	0.7533119999999998	3.1388	10.671920000000002
16.766666666666662	20.716079999999994	0.7533119999999998	3.1388	10.044160000000002
16.783333333333328	20.716079999999994	0.7533119999999998	3.1388	10.044160000000002
16.799999999999994	20.716079999999994	0.7533119999999998	3.1388	10.044160000000002
16.816666666666663	20.716079999999994	0.7533119999999998	3.1388	10.044160000000002
16.83333333333333	20.716079999999994	0.7533119999999998	3.1388	10.044160000000002
16.849999999999994	20.088319999999996	0.7533119999999998	3.1388	9.416400000000001
16.866666666666664	20.088319999999996	0.7533119999999998	3.1388	9.416400000000001
16.88333333333333	20.088319999999996	0.7533119999999998	3.7665599999999997	8.788640000000001
16.899999999999995	20.088319999999996	0.7533119999999998	3.7665599999999997	8.788640000000001
16.91666666666666	20.088319999999996	0.7533119999999998	3.7665599999999997	8.788640000000001
16.93333333333333	19.460559999999997	0.7533119999999998	3.7665599999999997	8.16088
16.949999999999996	19.460559999999997	0.7533119999999998	3.7665599999999997	8.16088
16.96666666666666	19.460559999999997	0.7533119999999998	3.7665599999999997	8.16088
16.983333333333327	19.460559999999997	0.7533119999999998	3.7665599999999997	8.16088
16.999999999999996	19.460559999999997	0.6905359999999998	3.7665599999999997	8.788640000000001
17.016666666666662	19.460559999999997	0.6905359999999998	3.7665599999999997	8.788640000000001
17.033333333333328	18.8328	0.6905359999999998	3.7665599999999997	8.16088
17.049999999999994	18.8328	0.6905359999999998	3.7665599999999997	8.16088
17.066666666666663	18.8328	0.6905359999999998	3.7665599999999997	8.16088
17.08333333333333	18.8328	0.6905359999999998	3.7665599999999997	8.16088
17.099999999999994	18.8328	0.6905359999999998	3.7665599999999997	8.16088
17.116666666666664	18.20504	0.6905359999999998	3.1388	8.16088
17.13333333333333	18.20504	0.6905359999999998	3.1388	8.16088
17.149999999999995	18.20504	0.6905359999999998	3.1388	8.16088
17.16666666666666	18.20504	0.6905359999999998	3.1388	8.16088
17.18333333333333	17.577280000000002	0.6905359999999998	2.51104	8.16088
17.199999999999996	17.577280000000002	0.6905359999999998	2.51104	8.16088
17.21666666666666	17.577280000000002	0.6905359999999998	2.51104	8.16088
17.233333333333327	17.577280000000002	0.6905359999999998	2.51104	8.16088
17.249999999999996	17.577280000000002	0.6905359999999998	2.51104	8.16088
17.266666666666662	16.949520000000003	0.6905359999999998	1.88328	8.16088
17.283333333333328	16.949520000000003	0.6905359999999998	1.88328	8.16088
17.299999999999994	16.949520000000003	0.6905359999999998	1.88328	8.16088
17.316666666666663	16.949520000000003	0.6905359999999998	1.88328	8.16088
17.33333333333333	16.949520000000003	0.6905359999999998	1.88328	8.16088
17.349999999999994	16.321760000000005	0.6905359999999998	1.25552	8.16088
17.366666666666664	16.321760000000005	0.6905359999999998	1.25552	8.16088
17.38333333333333	16.321760000000005	0.6905359999999998	1.25552	8.16088
17.399999999999995	16.321760000000005	0.6905359999999998	1.25552	8.16088
17.41666666666666	16.321760000000005	0.6905359999999998	1.25552	8.16088
17.43333333333333	16.321760000000005	0.6905359999999998	1.25552	8.16088
17.449999999999996	15.694000000000004	0.6905359999999998	0.62776	8.16088
17.46666666666666	15.694000000000004	0.6905359999999998	0.62776	8.16088
17.483333333333327	15.694000000000004	0.6905359999999998	0.62776	8.16088
17.499999999999996	15.694000000000004	0.6905359999999998	0.62776	8.16088
17.516666666666662	15.694000000000004	0.6905359999999998	0.62776	8.16088
17.533333333333328	15.066240000000004	0.6905359999999998	0.0	8.16088
17.549999999999994	15.066240000000004	0.6905359999999998	0.0	8.16088
17.566666666666663	15.066240000000004	0.6905359999999998	0.0	8.16088
17.58333333333333	15.066240000000004	0.6905359999999998	0.0	8.16088
17.599999999999994	15.066240000000004	0.6905359999999998	0.0	8.16088
17.61666666666666	14.438480000000004	0.6277599999999999	0.0	8.16088
17.63333333333333	14.438480000000004	0.6277599999999999	0.0	8.16088
17.649999999999995	14.438480000000004	0.6277599999999999	0.0	8.16088
17.66666666666666	14.438480000000004	0.6277599999999999	0.0	8.16088
17.68333333333333	14.438480000000004	0.5649839999999999	0.0	8.788640000000001
17.699999999999996	13.810720000000003	0.502208	0.0	8.788640000000001
17.71666666666666	13.810720000000003	0.502208	0.0	8.788640000000001
17.733333333333327	13.810720000000003	0.502208	0.0	8.788640000000001
17.749999999999996	13.810720000000003	0.502208	0.0	8.788640000000001
17.766666666666662	13.810720000000003	0.502208	0.0	8.788640000000001
17.783333333333328	13.810720000000003	0.502208	0.0	8.788640000000001
17.799999999999994	13.182960000000003	0.439432	0.0	8.788640000000001
17.816666666666663	13.182960000000003	0.439432	0.0	8.788640000000001
17.83333333333333	13.182960000000003	0.439432	0.0	8.788640000000001
17.849999999999994	13.182960000000003	0.439432	0.0	8.788640000000001
17.86666666666666	13.182960000000003	0.439432	0.0	8.788640000000001
17.88333333333333	12.555200000000003	0.376656	0.0	8.788640000000001
17.899999999999995	12.555200000000003	0.376656	0.0	8.788640000000001
17.91666666666666	12.555200000000003	0.376656	0.0	8.788640000000001
17.93333333333333	12.555200000000003	0.376656	0.0	8.788640000000001
17.949999999999996	12.555200000000003	0.376656	0.0	8.788640000000001
17.96666666666666	11.927440000000002	0.31388	0.0	8.788640000000001
17.983333333333327	11.927440000000002	0.31388	0.0	8.788640000000001
17.999999999999996	11.927440000000002	0.31388	0.0	8.788640000000001
18.016666666666662	11.927440000000002	0.31388	0.0	8.788640000000001
18.033333333333328	11.927440000000002	0.31388	0.0	8.788640000000001
18.049999999999994	11.299680000000002	0.251104	0.0	8.788640000000001
18.066666666666663	11.299680000000002	0.251104	0.0	8.788640000000001
18.08333333333333	11.299680000000002	0.251104	0.0	8.788640000000001
18.099999999999994	11.299680000000002	0.251104	0.0	8.788640000000001
18.11666666666666	11.299680000000002	0.251104	0.0	8.788640000000001
18.13333333333333	11.299680000000002	0.251104	0.0	8.788640000000001
18.149999999999995	10.671920000000002	0.188328	0.0	8.788640000000001
18.16666666666666	10.671920000000002	0.188328	0.0	8.788640000000001
18.18333333333333	10.671920000000002	0.188328	0.0	8.788640000000001
18.199999999999996	10.671920000000002	0.188328	0.0	8.788640000000001
18.21666666666666	10.671920000000002	0.188328	0.0	8.788640000000001
18.233333333333327	10.044160000000002	0.125552	0.0	8.788640000000001
18.249999999999996	10.044160000000002	0.125552	0.0	8.788640000000001
18.266666666666662	10.044160000000002	0.125552	0.0	8.788640000000001
18.283333333333328	10.044160000000002	0.125552	0.0	8.788640000000001
18.299999999999994	10.044160000000002	0.125552	0.0	8.788640000000001
18.316666666666663	9.416400000000001	0.062776	0.0	8.788640000000001
18.33333333333333	9.416400000000001	0.0	0.0	9.416400000000001
18.349999999999994	9.416400000000001	0.0	0.0	9.416400000000001
18.36666666666666	9.416400000000001	0.0	0.0	9.416400000000001
18.38333333333333	9.416400000000001	0.0	0.0	9.416400000000001
18.399999999999995	9.416400000000001	0.0	0.0	9.416400000000001
18.41666666666666	8.788640000000001	0.0	0.0	8.788640000000001
18.43333333333333	8.788640000000001	0.0	0.0	8.788640000000001
18.449999999999996	8.788640000000001	0.0	0.0	8.788640000000001
18.46666666666666	8.788640000000001	0.0	0.0	8.788640000000001
18.483333333333327	8.788640000000001	0.0	0.0	8.788640000000001
18.499999999999996	8.16088	0.0	0.0	8.16088
18.516666666666662	8.16088	0.0	0.0	8.16088
18.533333333333328	8.16088	0.0	0.0	8.16088
18.549999999999994	8.16088	0.0	0.0	8.16088
18.566666666666663	8.16088	0.0	0.0	8.16088
18.58333333333333	7.533120000000001	0.0	0.0	7.533120000000001
18.599999999999994	7.533120000000001	0.0	0.0	7.533120000000001
18.61666666666666	7.533120000000001	0.0	0.0	7.533120000000001
18.63333333333333	7.533120000000001	0.0	0.0	7.533120000000001
18.649999999999995	7.533120000000001	0.0	0.0	7.533120000000001
18.66666666666666	6.905360000000001	0.0	0.0	6.905360000000001
18.68333333333333	6.905360000000001	0.0	0.0	6.905360000000001
18.699999999999996	6.905360000000001	0.0	0.0	6.905360000000001
18.71666666666666	6.905360000000001	0.0	0.0	6.905360000000001
18.733333333333327	6.905360000000001	0.0	0.0	6.905360000000001
18.749999999999996	6.2776000000000005	0.0	0.0	6.2776000000000005
18.766666666666662	6.2776000000000005	0.0	0.0	6.2776000000000005
18.783333333333328	6.2776000000000005	0.0	0.0	6.2776000000000005
18.799999999999994	6.2776000000000005	0.0	0.0	6.2776000000000005
18.816666666666663	6.2776000000000005	0.0	0.0	6.2776000000000005
18.83333333333333	5.64984	0.0	0.0	5.64984
18.849999999999994	5.64984	0.0	0.0	5.64984
18.86666666666666	5.64984	0.0	0.0	5.64984
18.88333333333333	5.64984	0.0	0.0	5.64984
18.899999999999995	5.64984	0.0	0.0	5.64984
18.91666666666666	5.64984	0.0	0.0	5.64984
18.933333333333326	5.02208	0.0	0.0	5.02208
18.949999999999996	5.02208	0.0	0.0	5.02208
18.96666666666666	5.02208	0.0	0.0	5.02208
18.983333333333327	5.02208	0.0	0.0	5.02208
18.999999999999996	5.02208	0.0	0.0	5.02208
19.016666666666662	4.39432	0.0	0.0	4.39432
19.033333333333328	4.39432	0.0	0.0	4.39432
19.049999999999994	4.39432	0.0	0.0	4.39432
19.066666666666663	4.39432	0.0	0.0	4.39432
19.08333333333333	4.39432	0.0	0.0	4.39432
19.099999999999994	3.7665599999999997	0.0	0.0	3.7665599999999997
19.11666666666666	3.7665599999999997	0.0	0.0	3.7665599999999997
19.13333333333333	3.7665599999999997	0.0	0.0	3.7665599999999997
19.149999999999995	3.7665599999999997	0.0	0.0	3.7665599999999997
19.16666666666666	3.7665599999999997	0.0	0.0	3.7665599999999997
19.183333333333326	3.7665599999999997	0.0	0.0	3.7665599999999997
19.199999999999996	3.1388	0.0	0.0	3.1388
19.21666666666666	3.1388	0.0	0.0	3.1388
19.233333333333327	3.1388	0.0	0.0	3.1388
19.249999999999996	3.1388	0.0	0.0	3.1388
19.266666666666662	3.1388	0.0	0.0	3.1388
19.283333333333328	2.51104	0.0	0.0	2.51104
19.299999999999994	2.51104	0.0	0.0	2.51104
19.316666666666663	2.51104	0.0	0.0	2.51104
19.33333333333333	2.51104	0.0	0.0	2.51104
19.349999999999994	2.51104	0.0	0.0	2.51104
19.36666666666666	1.88328	0.0	0.0	1.88328
19.38333333333333	1.88328	0.0	0.0	1.88328
19.399999999999995	1.88328	0.0	0.0	1.88328
19.41666666666666	1.88328	0.0	0.0	1.88328
19.433333333333326	1.88328	0.0	0.0	1.88328
19.449999999999996	1.88328	0.0	0.0	1.88328
19.46666666666666	1.25552	0.0	0.0	1.25552
19.483333333333327	1.25552	0.0	0.0	1.25552
19.499999999999996	1.25552	0.0	0.0	1.25552
19.516666666666662	1.25552	0.0	0.0	1.25552
19.533333333333328	1.25552	0.0	0.0	1.25552
19.549999999999994	0.62776	0.0	0.0	0.62776
19.566666666666663	0.62776	0.0	0.0	0.62776
19.58333333333333	0.62776	0.0	0.0	0.62776
19.599999999999994	0.62776	0.0	0.0	0.62776
19.61666666666666	0.62776	0.0	0.0	0.62776
19.63333333333333	0.0	0.0	0.0	0.0
19.649999999999995	0.0	0.0	0.0	0.0
19.66666666666666	0.0	0.0	0.0	0.0
19.683333333333326	0.0	0.0	0.0	0.0
19.699999999999996	0.0	0.0	0.0	0.0
19.71666666666666	0.0	0.0	0.0	0.0
19.733333333333327	0.0	0.0	0.0	0.0
19.749999999999993	0.0	0.0	0.0	0.0
19.766666666666662	0.0	0.0	0.0	0.0
19.783333333333328	0.0	0.0	0.0	0.0
19.799999999999994	0.0	0.0	0.0	0.0
19.816666666666663	0.0	0.0	0.0	0.0
19.83333333333333	0.0	0.0	0.0	0.0
19.849999999999994	0.0	0.0	0.0	0.0
19.86666666666666	0.0	0.0	0.0	0.0
19.88333333333333	0.0	0.0	0.0	0.0
19.899999999999995	0.0	0.0	0.0	0.0
19.91666666666666	0.0	0.0	0.0	0.0
19.933333333333326	0.0	0.0	0.0	0.0
19.949999999999996	0.0	0.0	0.0	0.0
19.96666666666666	0.0	0.0	0.0	0.0
19.983333333333327	0.0	0.0	0.0	0.0
19.999999999999993	0.0	0.0	0.0	0.0
20.016666666666662	0.0	0.0	0.0	0.0
20.033333333333328	0.0	0.0	0.0	0.0
20.049999999999994	0.0	0.0	0.0	0.0
20.066666666666663	0.0	0.0	0.0	0.0
20.08333333333333	0.0	0.0	0.0	0.0
20.099999999999994	0.0	0.0	0.0	0.0
20.11666666666666	0.0	0.0	0.0	0.0
20.13333333333333	0.0	0.0	0.0	0.0
20.149999999999995	0.0	0.0	0.0	0.0
20.16666666666666	0.0	0.0	0.0	0.0
20.183333333333326	0.0	0.0	0.0	0.0
20.199999999999996	0.0	0.0	0.0	0.0
20.21666666666666	0.0	0.0	0.0	0.0
20.233333333333327	0.0	0.0	0.0	0.0
20.249999999999993	0.0	0.0	0.0	0.0
20.266666666666662	0.0	0.0	0.0	0.0
20.283333333333328	0.0	0.0	0.0	0.0
20.299999999999994	0.0	0.0	0.0	0.0
20.316666666666663	0.0	0.0	0.0	0.0
20.33333333333333	0.0	0.0	0.0	0.0
20.349999999999994	0.0	0.0	0.0	0.0
20.36666666666666	0.0	0.0	0.0	0.0
20.38333333333333	0.0	0.0	0.0	0.0
20.399999999999995	0.0	0.0	0.0	0.0
20.41666666666666	0.0	0.0	0.0	0.0
20.433333333333326	0.0	0.0	0.0	0.0
20.449999999999996	0.0	0.0	0.0	0.0
20.46666666666666	0.0	0.0	0.0	0.0
20.483333333333327	0.0	0.0	0.0	0.0
20.499999999999993	0.0	0.0	0.0	0.0
20.516666666666662	0.0	0.0	0.0	0.0
20.533333333333328	0.0	0.0	0.0	0.0
20.549999999999994	0.0	0.0	0.0	0.0
20.566666666666663	0.0	0.0	0.0	0.0
20.58333333333333	0.0	0.0	0.0	0.0
20.599999999999994	0.0	0.0	0.0	0.0
20.61666666666666	0.0	0.0	0.0	0.0
20.63333333333333	0.0	0.0	0.0	0.0
20.649999999999995	0.0	0.0	0.0	0.0
20.66666666666666	0.0	0.0	0.0	0.0
20.683333333333326	0.0	0.0	0.0	0.0
20.699999999999996	0.0	0.0	0.0	0.0
20.71666666666666	0.0	0.0	0.0	0.0
20.733333333333327	0.0	0.0	0.0	0.0
20.749999999999993	0.0	0.0	0.0	0.0
20.766666666666662	0.0	0.0	0.0	0.0
20.783333333333328	0.0	0.0	0.0	0.0
20.799999999999994	0.0	0.0	0.0	0.0
20.816666666666663	0.0	0.0	0.0	0.0
20.83333333333333	0.0	0.0	0.0	0.0
20.849999999999994	0.0	0.0	0.0	0.0
20.86666666666666	0.0	0.0	0.0	0.0
20.88333333333333	0.0	0.0	0.0	0.0
20.899999999999995	0.0	0.0	0.0	0.0
20.91666666666666	0.0	0.0	0.0	0.0
20.933333333333326	0.0	0.0	0.0	0.0
20.949999999999996	0.0	0.0	0.0	0.0
20.96666666666666	0.0	0.0	0.0	0.0
20.983333333333327	0.0	0.0	0.0	0.0
20.999999999999993	0.0	0.0	0.0	0.0
21.016666666666662	0.0	0.0	0.0	0.0
21.033333333333328	0.0	0.0	0.0	0.0
21.049999999999994	0.0	0.0	0.0	0.0
21.06666666666666	0.0	0.0	0.0	0.0
21.08333333333333	0.0	0.0	0.0	0.0
21.099999999999994	0.0	0.0	0.0	0.0
21.11666666666666	0.0	0.0	0.0	0.0
21.13333333333333	0.0	0.0	0.0	0.0
21.149999999999995	0.0	0.0	0.0	0.0
21.16666666666666	0.0	0.0	0.0	0.0
21.183333333333326	0.0	0.0	0.0	0.0
21.199999999999996	0.0	0.0	0.0	0.0
21.21666666666666	0.0	0.0	0.0	0.0
21.233333333333327	0.0	0.0	0.0	0.0
21.249999999999993	0.0	0.0	0.0	0.0
21.266666666666662	0.0	0.0	0.0	0.0
21.283333333333328	0.0	0.0	0.0	0.0
21.299999999999994	0.0	0.0	0.0	0.0
21.31666666666666	0.0	0.0	0.0	0.0
21.33333333333333	0.0	0.0	0.0	0.0
21.349999999999994	0.0	0.0	0.0	0.0
21.36666666666666	0.0	0.0	0.0	0.0
21.38333333333333	0.0	0.0	0.0	0.0
21.399999999999995	0.0	0.0	0.0	0.0
21.41666666666666	0.0	0.0	0.0	0.0
21.433333333333326	0.0	0.0	0.0	0.0
21.449999999999996	0.0	0.0	0.0	0.0
21.46666666666666	0.0	0.0	0.0	0.0
21.483333333333327	0.0	0.0	0.0	0.0
21.499999999999993	0.0	0.0	0.0	0.0
21.516666666666662	0.0	0.0	0.0	0.0
21.533333333333328	0.0	0.0	0.0	0.0
21.549999999999994	0.0	0.0	0.0	0.0
21.56666666666666	0.0	0.0	0.0	0.0
21.58333333333333	0.0	0.0	0.0	0.0
21.599999999999994	0.0	0.0	0.0	0.0
21.61666666666666	0.0	0.0	0.0	0.0
21.63333333333333	0.0	0.0	0.0	0.0
21.649999999999995	0.0	0.0	0.0	0.0
21.66666666666666	0.0	0.0	0.0	0.0
21.683333333333326	0.0	0.0	0.0	0.0
21.699999999999996	0.0	0.0	0.0	0.0
21.71666666666666	0.0	0.0	0.0	0.0
21.733333333333327	0.0	0.0	0.0	0.0
21.749999999999993	0.0	0.0	0.0	0.0
21.766666666666662	0.0	0.0	0.0	0.0
21.783333333333328	0.0	0.0	0.0	0.0
21.799999999999994	0.0	0.0	0.0	0.0
21.81666666666666	0.0	0.0	0.0	0.0
21.83333333333333	0.0	0.0	0.0	0.0
21.849999999999994	0.0	0.0	0.0	0.0
21.86666666666666	0.0	0.0	0.0	0.0
21.883333333333326	0.0	0.0	0.0	0.0
21.899999999999995	0.0	0.0	0.0	0.0
21.91666666666666	0.0	0.0	0.0	0.0
21.933333333333326	0.0	0.0	0.0	0.0
21.949999999999996	0.0	0.0	0.0	0.0
21.96666666666666	0.0	0.0	0.0	0.0
21.983333333333327	0.0	0.0	0.0	0.0
21.999999999999993	0.0	0.0	0.0	0.0
22.016666666666662	0.0	0.0	0.0	0.0
22.033333333333328	0.0	0.0	0.0	0.0
22.049999999999994	0.0	0.0	0.0	0.0
22.06666666666666	0.0	0.0	0.0	0.0
22.08333333333333	0.0	0.0	0.0	0.0
22.099999999999994	0.0	0.0	0.0	0.0
