LST	all	br	grey	dark
11.883333333333333	0.0	0.0	0.0	0.0
11.9	0.0	0.0	0.0	0.0
11.916666666666666	0.0	0.0	0.0	0.0
11.933333333333334	0.0	0.0	0.0	0.0
11.95	0.0	0.0	0.0	0.0
11.966666666666667	0.0	0.0	0.0	0.0
11.983333333333333	0.0	0.0	0.0	0.0
12.0	0.0	0.0	0.0	0.0
12.016666666666667	0.0	0.0	0.0	0.0
12.033333333333333	0.0	0.0	0.0	0.0
12.05	0.0	0.0	0.0	0.0
12.066666666666666	0.0	0.0	0.0	0.0
12.083333333333334	0.0	0.0	0.0	0.0
12.1	0.0	0.0	0.0	0.0
12.116666666666667	0.0	0.0	0.0	0.0
12.133333333333333	0.0	0.0	0.0	0.0
12.15	0.0	0.0	0.0	0.0
12.166666666666666	0.0	0.0	0.0	0.0
12.183333333333334	0.0	0.0	0.0	0.0
12.2	0.0	0.0	0.0	0.0
12.216666666666667	0.0	0.0	0.0	0.0
12.233333333333333	0.0	0.0	0.0	0.0
12.25	0.0	0.0	0.0	0.0
12.266666666666666	0.0	0.0	0.0	0.0
12.283333333333333	0.0	0.0	0.0	0.0
12.3	0.0	0.0	0.0	0.0
12.316666666666666	0.0	0.0	0.0	0.0
12.333333333333334	0.0	0.0	0.0	0.0
12.35	0.0	0.0	0.0	0.0
12.366666666666667	0.0	0.0	0.0	0.0
12.383333333333333	0.0	0.0	0.0	0.0
12.4	0.0	0.0	0.0	0.0
12.416666666666666	0.0	0.0	0.0	0.0
12.433333333333334	0.0	0.0	0.0	0.0
12.45	0.0	0.0	0.0	0.0
12.466666666666667	0.0	0.0	0.0	0.0
12.483333333333333	0.0	0.0	0.0	0.0
12.5	0.0	0.0	0.0	0.0
12.516666666666666	0.0	0.0	0.0	0.0
12.533333333333333	0.0	0.0	0.0	0.0
12.55	0.0	0.0	0.0	0.0
12.566666666666666	0.0	0.0	0.0	0.0
12.583333333333334	0.0	0.0	0.0	0.0
12.6	0.0	0.0	0.0	0.0
12.616666666666667	0.0	0.0	0.0	0.0
12.633333333333333	0.0	0.0	0.0	0.0
12.65	0.0	0.0	0.0	0.0
12.666666666666666	0.0	0.0	0.0	0.0
12.683333333333334	0.0	0.0	0.0	0.0
12.7	0.0	0.0	0.0	0.0
12.716666666666667	0.0	0.0	0.0	0.0
12.733333333333333	0.0	0.0	0.0	0.0
12.75	0.0	0.0	0.0	0.0
12.766666666666666	0.0	0.0	0.0	0.0
12.783333333333333	0.0	0.0	0.0	0.0
12.8	0.0	0.0	0.0	0.0
12.816666666666666	0.0	0.0	0.0	0.0
12.833333333333332	0.0	0.0	0.0	0.0
12.85	0.0	0.0	0.0	0.0
12.866666666666667	0.0	0.0	0.0	0.0
12.883333333333333	0.0	0.0	0.0	0.0
12.9	0.0	0.0	0.0	0.0
12.916666666666666	0.0	0.0	0.0	0.0
12.933333333333334	0.0	0.0	0.0	0.0
12.95	0.0	0.0	0.0	0.0
12.966666666666667	0.0	0.0	0.0	0.0
12.983333333333333	0.0	0.0	0.0	0.0
13.0	0.0	0.0	0.0	0.0
13.016666666666666	0.0	0.0	0.0	0.0
13.033333333333333	0.0	0.0	0.0	0.0
13.05	0.0	0.0	0.0	0.0
13.066666666666666	0.0	0.0	0.0	0.0
13.083333333333332	0.0	0.0	0.0	0.0
13.1	0.0	0.0	0.0	0.0
13.116666666666667	0.0	0.0	0.0	0.0
13.133333333333333	0.0	0.0	0.0	0.0
13.15	0.0	0.0	0.0	0.0
13.166666666666666	0.0	0.0	0.0	0.0
13.183333333333334	0.0	0.0	0.0	0.0
13.2	0.0	0.0	0.0	0.0
13.216666666666667	0.0	0.0	0.0	0.0
13.233333333333333	0.0	0.0	0.0	0.0
13.25	0.0	0.0	0.0	0.0
13.266666666666666	0.0	0.0	0.0	0.0
13.283333333333333	0.0	0.0	0.0	0.0
13.299999999999999	0.0	0.0	0.0	0.0
13.316666666666666	0.0	0.0	0.0	0.0
13.333333333333332	0.0	0.0	0.0	0.0
13.35	0.0	0.0	0.0	0.0
13.366666666666667	0.0	0.0	0.0	0.0
13.383333333333333	0.0	0.0	0.0	0.0
13.4	0.0	0.0	0.0	0.0
13.416666666666666	0.0	0.0	0.0	0.0
13.433333333333334	0.0	0.0	0.0	0.0
13.45	0.0	0.0	0.0	0.0
13.466666666666667	0.0	0.0	0.0	0.0
13.483333333333333	0.0	0.0	0.0	0.0
13.5	0.0	0.0	0.0	0.0
13.516666666666666	0.0	0.0	0.0	0.0
13.533333333333333	0.0	0.0	0.0	0.0
13.549999999999999	0.0	0.0	0.0	0.0
13.566666666666666	0.0	0.0	0.0	0.0
13.583333333333332	0.0	0.0	0.0	0.0
13.6	0.0	0.0	0.0	0.0
13.616666666666667	0.0	0.0	0.0	0.0
13.633333333333333	0.0	0.0	0.0	0.0
13.649999999999999	0.0	0.0	0.0	0.0
13.666666666666666	0.0	0.0	0.0	0.0
13.683333333333334	0.0	0.0	0.0	0.0
13.7	0.0	0.0	0.0	0.0
13.716666666666667	0.0	0.0	0.0	0.0
13.733333333333333	0.0	0.0	0.0	0.0
13.75	0.0	0.0	0.0	0.0
13.766666666666666	0.0	0.0	0.0	0.0
13.783333333333333	0.0	0.0	0.0	0.0
13.799999999999999	0.0	0.0	0.0	0.0
13.816666666666666	0.0	0.0	0.0	0.0
13.833333333333332	0.0	0.0	0.0	0.0
13.85	0.0	0.0	0.0	0.0
13.866666666666667	0.0	0.0	0.0	0.0
13.883333333333333	0.0	0.0	0.0	0.0
13.899999999999999	0.0	0.0	0.0	0.0
13.916666666666666	0.0	0.0	0.0	0.0
13.933333333333334	0.0	0.0	0.0	0.0
13.95	0.0	0.0	0.0	0.0
13.966666666666667	0.0	0.0	0.0	0.0
13.983333333333333	0.0	0.0	0.0	0.0
14.0	0.0	0.0	0.0	0.0
14.016666666666666	0.0	0.0	0.0	0.0
14.033333333333333	0.0	0.0	0.0	0.0
14.049999999999999	0.0	0.0	0.0	0.0
14.066666666666666	0.0	0.0	0.0	0.0
14.083333333333332	0.0	0.0	0.0	0.0
14.1	0.0	0.0	0.0	0.0
14.116666666666667	0.0	0.0	0.0	0.0
14.133333333333333	0.0	0.0	0.0	0.0
14.149999999999999	0.0	0.0	0.0	0.0
14.166666666666666	0.0	0.0	0.0	0.0
14.183333333333334	0.0	0.0	0.0	0.0
14.2	0.0	0.0	0.0	0.0
14.216666666666667	0.0	0.0	0.0	0.0
14.233333333333333	0.0	0.0	0.0	0.0
14.25	0.0	0.0	0.0	0.0
14.266666666666666	0.0	0.0	0.0	0.0
14.283333333333333	0.0	0.0	0.0	0.0
14.299999999999999	0.0	0.0	0.0	0.0
14.316666666666666	0.0	0.0	0.0	0.0
14.333333333333332	0.0	0.0	0.0	0.0
14.35	0.0	0.0	0.0	0.0
14.366666666666667	0.0	0.0	0.0	0.0
14.383333333333333	0.0	0.0	0.0	0.0
14.399999999999999	0.0	0.0	0.0	0.0
14.416666666666666	0.0	0.0	0.0	0.0
14.433333333333334	0.0	0.0	0.0	0.0
14.45	0.0	0.0	0.0	0.0
14.466666666666665	0.0	0.0	0.0	0.0
14.483333333333333	0.0	0.0	0.0	0.0
14.5	0.0	0.0	0.0	0.0
14.516666666666666	0.0	0.0	0.0	0.0
14.533333333333333	0.0	0.0	0.0	0.0
14.549999999999999	0.0	0.0	0.0	0.0
14.566666666666666	0.0	0.0	0.0	0.0
14.583333333333332	0.0	0.0	0.0	0.0
14.6	0.0	0.0	0.0	0.0
14.616666666666665	0.0	0.0	0.0	0.0
14.633333333333333	0.0	0.0	0.0	0.0
14.649999999999999	0.0	0.0	0.0	0.0
14.666666666666666	0.0	0.0	0.0	0.0
14.683333333333334	0.0	0.0	0.0	0.0
14.7	0.0	0.0	0.0	0.0
14.716666666666665	0.0	0.0	0.0	0.0
14.733333333333333	0.0	0.0	0.0	0.0
14.75	0.0	0.0	0.0	0.0
14.766666666666666	0.0	0.0	0.0	0.0
14.783333333333333	0.0	0.0	0.0	0.0
14.799999999999999	0.0	0.0	0.0	0.0
14.816666666666666	0.0	0.0	0.0	0.0
14.833333333333332	0.0	0.0	0.0	0.0
14.85	0.0	0.0	0.0	0.0
14.866666666666665	0.0	0.0	0.0	0.0
14.883333333333333	0.0	0.0	0.0	0.0
14.899999999999999	0.0	0.0	0.0	0.0
14.916666666666666	0.0	0.0	0.0	0.0
14.933333333333334	0.0	0.0	0.0	0.0
14.95	0.0	0.0	0.0	0.0
14.966666666666665	0.0	0.0	0.0	0.0
14.983333333333333	0.0	0.0	0.0	0.0
15.0	0.0	0.0	0.0	0.0
15.016666666666666	0.0	0.0	0.0	0.0
15.033333333333333	0.0	0.0	0.0	0.0
15.049999999999999	0.0	0.0	0.0	0.0
15.066666666666666	0.0	0.0	0.0	0.0
15.083333333333332	0.0	0.0	0.0	0.0
15.1	0.0	0.0	0.0	0.0
15.116666666666665	0.0	0.0	0.0	0.0
15.133333333333333	0.0	0.0	0.0	0.0
15.149999999999999	0.0	0.0	0.0	0.0
15.166666666666666	0.0	0.0	0.0	0.0
15.183333333333334	0.0	0.0	0.0	0.0
15.2	0.0	0.0	0.0	0.0
15.216666666666665	0.0	0.0	0.0	0.0
15.233333333333333	0.0	0.0	0.0	0.0
15.25	0.0	0.0	0.0	0.0
15.266666666666666	0.0	0.0	0.0	0.0
15.283333333333333	0.0	0.0	0.0	0.0
15.299999999999999	0.0	0.0	0.0	0.0
15.316666666666666	0.0	0.0	0.0	0.0
15.333333333333332	0.0	0.0	0.0	0.0
15.35	0.0	0.0	0.0	0.0
15.366666666666665	0.0	0.0	0.0	0.0
15.383333333333333	0.0	0.0	0.0	0.0
15.399999999999999	0.0	0.0	0.0	0.0
15.416666666666666	0.0	0.0	0.0	0.0
15.433333333333334	0.0	0.0	0.0	0.0
15.45	0.0	0.0	0.0	0.0
15.466666666666665	0.0	0.0	0.0	0.0
15.483333333333333	0.0	0.0	0.0	0.0
15.5	0.0	0.0	0.0	0.0
15.516666666666666	0.0	0.0	0.0	0.0
15.533333333333331	0.0	0.0	0.0	0.0
15.549999999999999	0.0	0.0	0.0	0.0
15.566666666666666	0.0	0.0	0.0	0.0
15.583333333333332	0.0	0.0	0.0	0.0
15.6	0.0	0.0	0.0	0.0
15.616666666666665	0.0	0.0	0.0	0.0
15.633333333333333	0.0	0.0	0.0	0.0
15.649999999999999	0.0	0.0	0.0	0.0
15.666666666666666	0.0	0.0	0.0	0.0
15.683333333333332	0.0	0.0	0.0	0.0
15.7	0.0	0.0	0.0	0.0
15.716666666666665	0.0	0.0	0.0	0.0
15.733333333333333	0.0	0.0	0.0	0.0
15.75	0.0	0.0	0.0	0.0
15.766666666666666	0.0	0.0	0.0	0.0
15.783333333333331	0.0	0.0	0.0	0.0
15.799999999999999	0.0	0.0	0.0	0.0
15.816666666666666	0.0	0.0	0.0	0.0
15.833333333333332	0.0	0.0	0.0	0.0
15.85	0.0	0.0	0.0	0.0
15.866666666666665	0.0	0.0	0.0	0.0
15.883333333333333	0.0	0.0	0.0	0.0
15.899999999999999	0.0	0.0	0.0	0.0
15.916666666666666	0.0	0.0	0.0	0.0
15.933333333333332	0.0	0.0	0.0	0.0
15.95	0.0	0.0	0.0	0.0
15.966666666666665	0.0	0.0	0.0	0.0
15.983333333333333	0.0	0.0	0.0	0.0
15.999999999999998	0.0	0.0	0.0	0.0
16.016666666666666	0.0	0.0	0.0	0.0
16.03333333333333	0.0	0.0	0.0	0.0
16.05	0.0	0.0	0.0	0.0
16.066666666666666	0.0	0.0	0.0	0.0
16.083333333333332	0.0	0.0	0.0	0.0
16.1	0.0	0.0	0.0	0.0
16.116666666666667	0.0	0.0	0.0	0.0
16.133333333333333	0.0	0.0	0.0	0.0
16.15	0.0	0.0	0.0	0.0
16.166666666666664	0.0	0.0	0.0	0.0
16.183333333333334	0.0	0.0	0.0	0.0
16.2	0.0	0.0	0.0	0.0
16.216666666666665	0.0	0.0	0.0	0.0
16.233333333333334	0.0	0.0	0.0	0.0
16.25	0.0	0.0	0.0	0.0
16.266666666666666	0.0	0.0	0.0	0.0
16.28333333333333	0.0	0.0	0.0	0.0
16.3	0.0	0.0	0.0	0.0
16.316666666666666	0.0	0.0	0.0	0.0
16.333333333333332	0.0	0.0	0.0	0.0
16.35	0.0	0.0	0.0	0.0
16.366666666666667	0.0	0.0	0.0	0.0
16.383333333333333	0.0	0.0	0.0	0.0
16.4	0.0	0.0	0.0	0.0
16.416666666666664	0.0	0.0	0.0	0.0
16.433333333333334	0.0	0.0	0.0	0.0
16.45	0.0	0.0	0.0	0.0
16.466666666666665	0.0	0.0	0.0	0.0
16.483333333333334	0.0	0.0	0.0	0.0
16.5	0.0	0.0	0.0	0.0
16.516666666666666	0.0	0.0	0.0	0.0
16.53333333333333	0.0	0.0	0.0	0.0
16.55	0.0	0.0	0.0	0.0
16.566666666666666	0.0	0.0	0.0	0.0
16.583333333333332	0.0	0.0	0.0	0.0
16.6	0.0	0.0	0.0	0.0
16.616666666666667	0.0	0.0	0.0	0.0
16.633333333333333	0.0	0.0	0.0	0.0
16.65	0.0	0.0	0.0	0.0
16.666666666666664	0.0	0.0	0.0	0.0
16.683333333333334	0.0	0.0	0.0	0.0
16.7	0.0	0.0	0.0	0.0
16.716666666666665	0.0	0.0	0.0	0.0
16.733333333333334	0.0	0.0	0.0	0.0
16.75	0.0	0.0	0.0	0.0
16.766666666666666	0.0	0.0	0.0	0.0
16.78333333333333	0.0	0.0	0.0	0.0
16.799999999999997	0.0	0.0	0.0	0.0
16.816666666666666	0.0	0.0	0.0	0.0
16.833333333333332	0.0	0.0	0.0	0.0
16.85	0.0	0.0	0.0	0.0
16.866666666666667	0.0	0.0	0.0	0.0
16.883333333333333	0.0	0.0	0.0	0.0
16.9	0.0	0.0	0.0	0.0
16.916666666666664	0.0	0.0	0.0	0.0
16.933333333333334	0.0	0.0	0.0	0.0
16.95	0.0	0.0	0.0	0.0
16.966666666666665	0.0	0.0	0.0	0.0
16.983333333333334	0.0	0.0	0.0	0.0
17.0	0.0	0.0	0.0	0.0
17.016666666666666	0.0	0.0	0.0	0.0
17.03333333333333	0.0	0.0	0.0	0.0
17.049999999999997	0.0	0.0	0.0	0.0
17.066666666666666	0.0	0.0	0.0	0.0
17.083333333333332	0.0	0.0	0.0	0.0
17.1	0.0	0.0	0.0	0.0
17.116666666666667	0.0	0.0	0.0	0.0
17.133333333333333	0.0	0.0	0.0	0.0
17.15	0.0	0.0	0.0	0.0
17.166666666666664	0.0	0.0	0.0	0.0
17.183333333333334	0.0	0.0	0.0	0.0
17.2	0.0	0.0	0.0	0.0
17.216666666666665	0.0	0.0	0.0	0.0
17.233333333333334	0.0	0.0	0.0	0.0
17.25	0.0	0.0	0.0	0.0
17.266666666666666	0.0	0.0	0.0	0.0
17.28333333333333	0.0	0.0	0.0	0.0
17.299999999999997	0.0	0.0	0.0	0.0
17.316666666666666	0.0	0.0	0.0	0.0
17.333333333333332	0.0	0.0	0.0	0.0
17.349999999999998	0.0	0.0	0.0	0.0
17.366666666666667	0.0	0.0	0.0	0.0
17.383333333333333	0.0	0.0	0.0	0.0
17.4	0.0	0.0	0.0	0.0
17.416666666666664	0.0	0.0	0.0	0.0
17.433333333333334	0.0	0.0	0.0	0.0
17.45	0.0	0.0	0.0	0.0
17.466666666666665	0.0	0.0	0.0	0.0
17.483333333333334	0.0	0.0	0.0	0.0
17.5	0.0	0.0	0.0	0.0
17.516666666666666	0.0	0.0	0.0	0.0
17.53333333333333	0.0	0.0	0.0	0.0
17.549999999999997	0.0	0.0	0.0	0.0
17.566666666666666	0.0	0.0	0.0	0.0
17.583333333333332	0.0	0.0	0.0	0.0
17.599999999999998	0.0	0.0	0.0	0.0
17.616666666666667	0.0	0.0	0.0	0.0
17.633333333333333	0.0	0.0	0.0	0.0
17.65	0.0	0.0	0.0	0.0
17.666666666666664	0.711776	0.0	0.0	0.711776
17.683333333333334	0.711776	0.0	0.0	0.711776
17.7	0.711776	0.0	0.0	0.711776
17.716666666666665	0.711776	0.0	0.0	0.711776
17.733333333333334	1.423552	0.0	0.0	1.423552
17.75	1.423552	0.0	0.0	1.423552
17.766666666666666	1.423552	0.0	0.0	1.423552
17.78333333333333	1.423552	0.0	0.0	1.423552
17.799999999999997	2.135328	0.0	0.0	2.135328
17.816666666666666	2.135328	0.0	0.0	2.135328
17.833333333333332	2.135328	0.0	0.0	2.135328
17.849999999999998	2.135328	0.0	0.0	2.135328
17.866666666666667	2.847104	0.0	0.0	2.847104
17.883333333333333	2.847104	0.0	0.0	2.847104
17.9	2.847104	0.0	0.0	2.847104
17.916666666666664	2.847104	0.0	0.0	2.847104
17.933333333333334	2.847104	0.0	0.0	2.847104
17.95	3.55888	0.0	0.0	3.55888
17.966666666666665	3.55888	0.0	0.0	3.55888
17.983333333333334	3.55888	0.0	0.0	3.55888
18.0	3.55888	0.0	0.0	3.55888
18.016666666666666	4.270656	0.0	0.0	4.270656
18.03333333333333	4.270656	0.0	0.0	4.270656
18.049999999999997	4.270656	0.0	0.0	4.270656
18.066666666666666	4.982431999999999	0.0711776	0.0	4.270656
18.083333333333332	4.982431999999999	0.0711776	0.0	4.270656
18.099999999999998	4.982431999999999	0.0711776	0.0	4.270656
18.116666666666667	5.694208	0.1423552	0.0	4.270656
18.133333333333333	5.694208	0.1423552	0.0	4.270656
18.15	5.694208	0.1423552	0.0	4.270656
18.166666666666664	5.694208	0.21353279999999997	0.0	3.55888
18.183333333333334	5.694208	0.21353279999999997	0.0	3.55888
18.2	6.405984	0.2847104	0.0	3.55888
18.216666666666665	6.405984	0.2847104	0.0	3.55888
18.233333333333334	6.405984	0.2847104	0.0	3.55888
18.25	6.405984	0.2847104	0.0	3.55888
18.266666666666666	7.1177600000000005	0.355888	0.0	3.55888
18.28333333333333	7.1177600000000005	0.355888	0.0	3.55888
18.299999999999997	7.1177600000000005	0.355888	0.0	3.55888
18.316666666666666	7.1177600000000005	0.355888	0.0	3.55888
18.333333333333332	7.1177600000000005	0.355888	0.0	3.55888
18.349999999999998	7.829536000000001	0.4270656	0.0	3.55888
18.366666666666667	7.829536000000001	0.4270656	0.0	3.55888
18.383333333333333	7.829536000000001	0.4270656	0.0	3.55888
18.4	7.829536000000001	0.4270656	0.0	3.55888
18.416666666666664	8.541312000000001	0.4982432	0.0	3.55888
18.433333333333334	8.541312000000001	0.4982432	0.0	3.55888
18.45	8.541312000000001	0.4982432	0.0	3.55888
18.466666666666665	8.541312000000001	0.4982432	0.0	3.55888
18.483333333333334	9.253088000000002	0.5694208	0.0	3.55888
18.5	9.253088000000002	0.5694208	0.0	3.55888
18.516666666666666	9.253088000000002	0.5694208	0.0	3.55888
18.53333333333333	9.253088000000002	0.5694208	0.0	3.55888
18.549999999999997	9.253088000000002	0.5694208	0.0	3.55888
18.566666666666666	9.964864000000002	0.6405983999999999	0.0	3.55888
18.583333333333332	9.964864000000002	0.6405983999999999	0.0	3.55888
18.599999999999998	9.964864000000002	0.6405983999999999	0.0	3.55888
18.616666666666667	9.964864000000002	0.6405983999999999	0.0	3.55888
18.633333333333333	10.676640000000003	0.6405983999999999	0.711776	3.55888
18.65	10.676640000000003	0.6405983999999999	0.711776	3.55888
18.666666666666664	10.676640000000003	0.6405983999999999	0.711776	3.55888
18.683333333333334	10.676640000000003	0.6405983999999999	0.711776	3.55888
18.7	11.388416000000003	0.6405983999999999	1.423552	3.55888
18.716666666666665	11.388416000000003	0.6405983999999999	1.423552	3.55888
18.733333333333334	11.388416000000003	0.6405983999999999	1.423552	3.55888
18.75	11.388416000000003	0.6405983999999999	1.423552	3.55888
18.766666666666666	11.388416000000003	0.6405983999999999	1.423552	3.55888
18.78333333333333	12.100192000000003	0.6405983999999999	2.135328	3.55888
18.799999999999997	12.100192000000003	0.6405983999999999	2.135328	3.55888
18.816666666666666	12.100192000000003	0.6405983999999999	2.135328	3.55888
18.833333333333332	12.100192000000003	0.6405983999999999	2.135328	3.55888
18.849999999999998	12.811968000000004	0.6405983999999999	2.847104	3.55888
18.866666666666667	12.811968000000004	0.6405983999999999	2.847104	3.55888
18.883333333333333	12.811968000000004	0.6405983999999999	2.847104	3.55888
18.9	12.811968000000004	0.6405983999999999	2.847104	3.55888
18.916666666666664	12.811968000000004	0.6405983999999999	2.847104	3.55888
18.93333333333333	13.523744000000004	0.6405983999999999	3.55888	3.55888
18.95	13.523744000000004	0.6405983999999999	3.55888	3.55888
18.966666666666665	13.523744000000004	0.6405983999999999	3.55888	3.55888
18.983333333333334	14.235520000000005	0.6405983999999999	4.270656	3.55888
19.0	14.235520000000005	0.6405983999999999	4.270656	3.55888
19.016666666666666	14.235520000000005	0.6405983999999999	4.270656	3.55888
19.03333333333333	14.235520000000005	0.6405983999999999	4.270656	3.55888
19.049999999999997	14.235520000000005	0.6405983999999999	4.270656	3.55888
19.066666666666666	14.235520000000005	0.7117759999999999	4.270656	2.847104
19.083333333333332	14.947296000000005	0.7117759999999999	4.982431999999999	2.847104
19.099999999999998	14.947296000000005	0.7117759999999999	4.982431999999999	2.847104
19.116666666666667	14.947296000000005	0.7117759999999999	4.982431999999999	2.847104
19.133333333333333	14.947296000000005	0.7117759999999999	4.982431999999999	2.847104
19.15	15.659072000000005	0.7117759999999999	4.982431999999999	3.55888
19.166666666666664	15.659072000000005	0.7117759999999999	4.982431999999999	3.55888
19.18333333333333	15.659072000000005	0.7117759999999999	4.982431999999999	3.55888
19.2	15.659072000000005	0.7117759999999999	4.982431999999999	3.55888
19.216666666666665	15.659072000000005	0.7117759999999999	4.982431999999999	3.55888
19.233333333333334	16.370848000000006	0.7117759999999999	4.982431999999999	4.270656
19.25	16.370848000000006	0.7117759999999999	4.982431999999999	4.270656
19.266666666666666	16.370848000000006	0.7117759999999999	4.982431999999999	4.270656
19.28333333333333	17.082624000000006	0.7117759999999999	4.982431999999999	4.982431999999999
19.299999999999997	17.082624000000006	0.7117759999999999	4.982431999999999	4.982431999999999
19.316666666666666	17.082624000000006	0.7117759999999999	4.982431999999999	4.982431999999999
19.333333333333332	17.082624000000006	0.7117759999999999	4.982431999999999	4.982431999999999
19.349999999999998	17.082624000000006	0.7117759999999999	4.982431999999999	4.982431999999999
19.366666666666667	17.794400000000007	0.7117759999999999	4.982431999999999	5.694208
19.383333333333333	17.794400000000007	0.7117759999999999	4.982431999999999	5.694208
19.4	17.794400000000007	0.7117759999999999	4.982431999999999	5.694208
19.416666666666664	17.794400000000007	0.7117759999999999	4.982431999999999	5.694208
19.43333333333333	18.506176000000007	0.7117759999999999	4.982431999999999	6.405984
19.45	18.506176000000007	0.7117759999999999	4.982431999999999	6.405984
19.466666666666665	18.506176000000007	0.7117759999999999	4.982431999999999	6.405984
19.48333333333333	18.506176000000007	0.7117759999999999	4.982431999999999	6.405984
19.5	19.217952000000007	0.7117759999999999	4.982431999999999	7.1177600000000005
19.516666666666666	19.217952000000007	0.7117759999999999	4.982431999999999	7.1177600000000005
19.53333333333333	19.217952000000007	0.7117759999999999	4.982431999999999	7.1177600000000005
19.549999999999997	19.217952000000007	0.7117759999999999	4.982431999999999	7.1177600000000005
19.566666666666666	19.217952000000007	0.7117759999999999	4.982431999999999	7.1177600000000005
19.583333333333332	19.217952000000007	0.7117759999999999	4.982431999999999	7.1177600000000005
19.599999999999998	19.929728000000008	0.7117759999999999	4.982431999999999	7.829536000000001
19.616666666666667	19.929728000000008	0.7117759999999999	4.982431999999999	7.829536000000001
19.633333333333333	19.929728000000008	0.7117759999999999	4.982431999999999	7.829536000000001
19.65	19.929728000000008	0.7117759999999999	4.982431999999999	7.829536000000001
19.666666666666664	19.929728000000008	0.7117759999999999	4.270656	8.541312000000001
19.68333333333333	20.64150400000001	0.7117759999999999	4.270656	9.253088000000002
19.7	20.64150400000001	0.7117759999999999	4.270656	9.253088000000002
19.716666666666665	20.64150400000001	0.7117759999999999	4.270656	9.253088000000002
19.73333333333333	20.64150400000001	0.7117759999999999	4.270656	9.253088000000002
19.75	21.28908800000001	0.7117759999999999	4.270656	9.900672000000004
19.766666666666666	21.28908800000001	0.7117759999999999	4.270656	9.900672000000004
19.78333333333333	21.28908800000001	0.7117759999999999	4.270656	9.900672000000004
19.799999999999997	21.28908800000001	0.7117759999999999	4.270656	9.900672000000004
19.816666666666666	21.28908800000001	0.7117759999999999	4.270656	9.900672000000004
19.833333333333332	21.93667200000001	0.7117759999999999	4.270656	10.548256000000004
19.849999999999998	21.93667200000001	0.7117759999999999	4.270656	10.548256000000004
19.866666666666667	21.93667200000001	0.7117759999999999	4.270656	10.548256000000004
19.883333333333333	21.93667200000001	0.7117759999999999	4.270656	10.548256000000004
19.9	21.93667200000001	0.7117759999999999	4.270656	10.548256000000004
19.916666666666664	22.58425600000001	0.7117759999999999	4.270656	11.195840000000004
19.933333333333334	22.58425600000001	0.7117759999999999	4.270656	11.195840000000004
19.95	22.58425600000001	0.7117759999999999	4.270656	11.195840000000004
19.966666666666665	22.58425600000001	0.7117759999999999	4.270656	11.195840000000004
19.98333333333333	22.58425600000001	0.7117759999999999	4.270656	11.195840000000004
20.0	23.23184000000001	0.7117759999999999	4.270656	11.843424000000004
20.016666666666666	23.23184000000001	0.7117759999999999	4.270656	11.843424000000004
20.03333333333333	23.23184000000001	0.7117759999999999	4.270656	11.843424000000004
20.049999999999997	23.23184000000001	0.7829535999999998	4.270656	11.131648000000004
20.066666666666663	23.87942400000001	0.7829535999999998	4.270656	11.779232000000004
20.08333333333333	23.87942400000001	0.7829535999999998	4.270656	11.779232000000004
20.099999999999998	23.87942400000001	0.7829535999999998	4.270656	11.779232000000004
20.116666666666664	23.87942400000001	0.7829535999999998	4.270656	11.779232000000004
20.133333333333333	23.87942400000001	0.7829535999999998	4.270656	11.779232000000004
20.15	24.52700800000001	0.7829535999999998	4.270656	12.426816000000004
20.166666666666664	24.52700800000001	0.7829535999999998	4.270656	12.426816000000004
20.18333333333333	24.52700800000001	0.7829535999999998	4.270656	12.426816000000004
20.199999999999996	24.52700800000001	0.7829535999999998	4.270656	12.426816000000004
20.216666666666665	24.52700800000001	0.7829535999999998	4.270656	12.426816000000004
20.23333333333333	25.17459200000001	0.8477119999999998	4.270656	12.426816000000004
20.25	25.17459200000001	0.8477119999999998	4.270656	12.426816000000004
20.266666666666666	25.17459200000001	0.8477119999999998	4.270656	12.426816000000004
20.28333333333333	25.17459200000001	0.8477119999999998	4.270656	12.426816000000004
20.299999999999997	25.17459200000001	0.8477119999999998	4.270656	12.426816000000004
20.316666666666663	25.82217600000001	0.9124703999999998	4.270656	12.426816000000004
20.33333333333333	25.82217600000001	0.9124703999999998	4.270656	12.426816000000004
20.349999999999998	25.82217600000001	0.9124703999999998	4.270656	12.426816000000004
20.366666666666664	25.82217600000001	0.9124703999999998	4.270656	12.426816000000004
20.383333333333333	25.82217600000001	0.9124703999999998	3.55888	13.138592000000004
20.4	26.46976000000001	0.9772287999999997	3.55888	13.138592000000004
20.416666666666664	26.46976000000001	0.9772287999999997	3.55888	13.138592000000004
20.43333333333333	26.46976000000001	0.9772287999999997	3.55888	13.138592000000004
20.449999999999996	26.46976000000001	0.9772287999999997	3.55888	13.138592000000004
20.466666666666665	26.46976000000001	0.9772287999999997	3.55888	13.138592000000004
20.48333333333333	27.11734400000001	1.0419871999999997	3.55888	13.138592000000004
20.5	27.11734400000001	1.0419871999999997	3.55888	13.138592000000004
20.516666666666666	27.11734400000001	1.0419871999999997	3.55888	13.138592000000004
20.53333333333333	27.11734400000001	1.1067455999999996	3.55888	12.491008000000004
20.549999999999997	27.11734400000001	1.1067455999999996	3.55888	12.491008000000004
20.566666666666663	27.764928000000012	1.1715039999999997	3.55888	12.491008000000004
20.58333333333333	27.764928000000012	1.1715039999999997	3.55888	12.491008000000004
20.599999999999998	27.764928000000012	1.1715039999999997	3.55888	12.491008000000004
20.616666666666664	27.764928000000012	1.1715039999999997	3.55888	12.491008000000004
20.633333333333333	28.41251200000001	1.2362623999999995	3.55888	12.491008000000004
20.65	28.41251200000001	1.2362623999999995	3.55888	12.491008000000004
20.666666666666664	28.41251200000001	1.2362623999999995	3.55888	12.491008000000004
20.68333333333333	28.41251200000001	1.2362623999999995	3.55888	12.491008000000004
20.699999999999996	28.41251200000001	1.2362623999999995	3.55888	12.491008000000004
20.716666666666665	29.060096000000012	1.3010207999999994	3.55888	12.491008000000004
20.73333333333333	29.060096000000012	1.3010207999999994	3.55888	12.491008000000004
20.75	29.060096000000012	1.3010207999999994	3.55888	12.491008000000004
20.766666666666666	29.060096000000012	1.3010207999999994	3.55888	12.491008000000004
20.78333333333333	29.060096000000012	1.3010207999999994	3.55888	12.491008000000004
20.799999999999997	29.70768000000001	1.3657791999999995	3.55888	12.491008000000004
20.816666666666663	29.70768000000001	1.3657791999999995	3.55888	12.491008000000004
20.83333333333333	29.70768000000001	1.3657791999999995	3.55888	12.491008000000004
20.849999999999998	29.70768000000001	1.3657791999999995	3.55888	12.491008000000004
20.866666666666664	29.70768000000001	1.3657791999999995	3.55888	12.491008000000004
20.883333333333333	30.355264000000012	1.4305375999999994	3.55888	12.491008000000004
20.9	30.355264000000012	1.4305375999999994	3.55888	12.491008000000004
20.916666666666664	30.355264000000012	1.4305375999999994	3.55888	12.491008000000004
20.93333333333333	30.355264000000012	1.4305375999999994	3.55888	12.491008000000004
20.949999999999996	30.355264000000012	1.4305375999999994	3.55888	12.491008000000004
20.966666666666665	31.00284800000001	1.4305375999999994	4.206464	12.491008000000004
20.98333333333333	31.00284800000001	1.4305375999999994	4.206464	12.491008000000004
21.0	31.00284800000001	1.4305375999999994	4.206464	12.491008000000004
21.016666666666666	31.00284800000001	1.4305375999999994	4.206464	12.491008000000004
21.03333333333333	31.00284800000001	1.4305375999999994	4.206464	12.491008000000004
21.049999999999997	31.650432000000013	1.4305375999999994	4.854048000000001	12.491008000000004
21.066666666666663	31.650432000000013	1.5017151999999994	4.854048000000001	11.779232000000004
21.08333333333333	31.650432000000013	1.5017151999999994	4.854048000000001	11.779232000000004
21.099999999999998	31.650432000000013	1.5017151999999994	4.854048000000001	11.779232000000004
21.116666666666664	31.650432000000013	1.5017151999999994	4.854048000000001	11.779232000000004
21.133333333333333	32.29801600000001	1.5017151999999994	4.789856	12.491008000000004
21.15	32.29801600000001	1.5017151999999994	4.789856	12.491008000000004
21.166666666666664	32.29801600000001	1.5017151999999994	4.789856	12.491008000000004
21.18333333333333	32.29801600000001	1.5017151999999994	4.789856	12.491008000000004
21.199999999999996	32.29801600000001	1.5017151999999994	4.789856	12.491008000000004
21.216666666666665	32.94560000000001	1.5017151999999994	5.4374400000000005	12.491008000000004
21.23333333333333	32.94560000000001	1.5017151999999994	5.4374400000000005	12.491008000000004
21.25	32.94560000000001	1.5664735999999995	5.4374400000000005	11.843424000000004
21.266666666666666	32.94560000000001	1.5664735999999995	5.4374400000000005	11.843424000000004
21.28333333333333	32.94560000000001	1.5664735999999995	5.4374400000000005	11.843424000000004
21.299999999999997	33.59318400000001	1.5664735999999995	6.085024000000001	11.843424000000004
21.316666666666663	33.59318400000001	1.5664735999999995	6.085024000000001	11.843424000000004
21.33333333333333	33.59318400000001	1.5664735999999995	6.085024000000001	11.843424000000004
21.349999999999998	33.59318400000001	1.5664735999999995	6.085024000000001	11.843424000000004
21.366666666666664	33.59318400000001	1.5664735999999995	6.085024000000001	11.843424000000004
21.383333333333333	34.24076800000001	1.5664735999999995	6.732608000000001	11.843424000000004
21.4	34.24076800000001	1.5664735999999995	6.732608000000001	11.843424000000004
21.416666666666664	34.24076800000001	1.5664735999999995	6.732608000000001	11.843424000000004
21.43333333333333	34.24076800000001	1.5664735999999995	6.732608000000001	11.843424000000004
21.449999999999996	34.24076800000001	1.5664735999999995	6.732608000000001	11.843424000000004
21.46666666666666	34.88835200000001	1.5664735999999995	7.380192000000001	11.843424000000004
21.48333333333333	34.88835200000001	1.5664735999999995	7.380192000000001	11.843424000000004
21.5	34.88835200000001	1.5664735999999995	7.380192000000001	11.843424000000004
21.516666666666666	34.88835200000001	1.5664735999999995	7.380192000000001	11.843424000000004
21.53333333333333	34.88835200000001	1.5664735999999995	7.380192000000001	11.843424000000004
21.549999999999997	35.535936000000014	1.5664735999999995	7.380192000000001	12.491008000000004
21.566666666666663	35.535936000000014	1.5664735999999995	7.380192000000001	12.491008000000004
21.58333333333333	35.535936000000014	1.5664735999999995	7.380192000000001	12.491008000000004
21.599999999999998	35.535936000000014	1.5664735999999995	7.380192000000001	12.491008000000004
21.616666666666664	35.535936000000014	1.5664735999999995	7.380192000000001	12.491008000000004
21.633333333333333	35.535936000000014	1.5664735999999995	7.380192000000001	12.491008000000004
21.65	36.18352000000001	1.5664735999999995	7.380192000000001	13.138592000000004
21.666666666666664	36.18352000000001	1.5664735999999995	7.380192000000001	13.138592000000004
21.68333333333333	36.18352000000001	1.5664735999999995	7.380192000000001	13.138592000000004
21.699999999999996	36.18352000000001	1.5664735999999995	6.732608000000001	13.786176000000005
21.71666666666666	36.18352000000001	1.5664735999999995	6.732608000000001	13.786176000000005
21.73333333333333	36.83110400000001	1.5664735999999995	6.732608000000001	14.433760000000005
21.749999999999996	36.83110400000001	1.5664735999999995	6.732608000000001	14.433760000000005
21.766666666666666	36.83110400000001	1.5664735999999995	6.732608000000001	14.433760000000005
21.78333333333333	36.83110400000001	1.5664735999999995	6.732608000000001	14.433760000000005
21.799999999999997	36.83110400000001	1.5664735999999995	6.732608000000001	14.433760000000005
21.816666666666663	37.47868800000001	1.5664735999999995	6.732608000000001	15.081344000000005
21.83333333333333	37.47868800000001	1.5664735999999995	6.732608000000001	15.081344000000005
21.849999999999998	37.47868800000001	1.5664735999999995	6.732608000000001	15.081344000000005
21.866666666666664	37.47868800000001	1.5664735999999995	6.732608000000001	15.081344000000005
21.883333333333333	37.47868800000001	1.5664735999999995	6.732608000000001	15.081344000000005
21.9	38.12627200000001	1.5664735999999995	6.020832	16.440704000000004
21.916666666666664	38.12627200000001	1.5664735999999995	6.020832	16.440704000000004
21.93333333333333	38.12627200000001	1.5664735999999995	6.020832	16.440704000000004
21.949999999999996	38.12627200000001	1.5664735999999995	6.020832	16.440704000000004
21.96666666666666	38.12627200000001	1.5664735999999995	6.020832	16.440704000000004
21.98333333333333	38.77385600000001	1.5664735999999995	6.020832	17.088288000000006
21.999999999999996	38.77385600000001	1.5664735999999995	6.020832	17.088288000000006
22.016666666666666	38.77385600000001	1.5664735999999995	6.020832	17.088288000000006
22.03333333333333	38.77385600000001	1.5664735999999995	6.020832	17.088288000000006
22.049999999999997	38.77385600000001	1.5664735999999995	6.020832	17.088288000000006
22.066666666666663	38.77385600000001	1.6312319999999993	6.020832	16.440704000000004
22.08333333333333	39.421440000000004	1.6312319999999993	6.020832	17.088288000000006
22.099999999999998	39.421440000000004	1.6312319999999993	6.732608000000001	16.376512000000005
22.116666666666664	39.421440000000004	1.6312319999999993	6.732608000000001	16.376512000000005
22.133333333333333	39.421440000000004	1.6312319999999993	6.732608000000001	16.376512000000005
22.15	40.069024000000006	1.6312319999999993	6.732608000000001	17.024096000000004
22.166666666666664	40.069024000000006	1.6312319999999993	6.732608000000001	17.024096000000004
22.18333333333333	40.069024000000006	1.6312319999999993	6.732608000000001	17.024096000000004
22.199999999999996	40.069024000000006	1.6312319999999993	6.732608000000001	17.024096000000004
22.21666666666666	40.069024000000006	1.6312319999999993	6.732608000000001	17.024096000000004
22.23333333333333	40.716608	1.6312319999999993	6.732608000000001	17.671680000000006
22.249999999999996	40.716608	1.6312319999999993	6.732608000000001	17.671680000000006
22.266666666666666	40.716608	1.6312319999999993	6.732608000000001	17.671680000000006
22.28333333333333	40.716608	1.6312319999999993	6.732608000000001	17.671680000000006
22.299999999999997	40.716608	1.6312319999999993	6.085024000000001	18.319264000000004
22.316666666666663	41.211264	1.6312319999999993	6.085024000000001	18.813920000000007
22.33333333333333	41.211264	1.6312319999999993	6.085024000000001	18.813920000000007
22.349999999999998	41.211264	1.6312319999999993	6.085024000000001	18.813920000000007
22.366666666666664	41.211264	1.6312319999999993	6.085024000000001	18.813920000000007
22.383333333333333	41.211264	1.6312319999999993	6.085024000000001	18.813920000000007
22.4	41.211264	1.6312319999999993	6.085024000000001	18.813920000000007
22.416666666666664	41.70592	1.6312319999999993	6.085024000000001	19.308576000000006
22.43333333333333	41.70592	1.6312319999999993	6.085024000000001	19.308576000000006
22.449999999999996	41.70592	1.6312319999999993	6.085024000000001	19.308576000000006
22.46666666666666	41.70592	1.6312319999999993	6.085024000000001	19.308576000000006
22.48333333333333	41.70592	1.6312319999999993	6.085024000000001	19.308576000000006
22.499999999999996	42.200576	1.6312319999999993	6.085024000000001	19.803232000000005
22.516666666666666	42.200576	1.6312319999999993	6.085024000000001	19.803232000000005
22.53333333333333	42.200576	1.6312319999999993	6.085024000000001	19.803232000000005
22.549999999999997	42.200576	1.6312319999999993	6.085024000000001	19.803232000000005
22.566666666666663	42.200576	1.6312319999999993	6.085024000000001	19.803232000000005
22.58333333333333	42.695232	1.6312319999999993	6.085024000000001	20.297888000000007
22.599999999999998	42.695232	1.6312319999999993	6.085024000000001	20.297888000000007
22.616666666666664	42.695232	1.6312319999999993	6.085024000000001	20.297888000000007
22.633333333333333	42.695232	1.6312319999999993	6.085024000000001	20.297888000000007
22.65	42.695232	1.6312319999999993	6.085024000000001	20.297888000000007
22.666666666666664	43.189887999999996	1.6806975999999993	6.085024000000001	20.297888000000007
22.68333333333333	43.189887999999996	1.6806975999999993	6.085024000000001	20.297888000000007
22.699999999999996	43.189887999999996	1.6806975999999993	6.085024000000001	20.297888000000007
22.71666666666666	43.189887999999996	1.6806975999999993	5.373248	21.009664000000008
22.73333333333333	43.189887999999996	1.6806975999999993	5.373248	21.009664000000008
22.749999999999996	43.189887999999996	1.6806975999999993	5.373248	21.009664000000008
22.766666666666666	43.684543999999995	1.7301631999999993	5.373248	21.009664000000008
22.78333333333333	43.684543999999995	1.7301631999999993	5.373248	21.009664000000008
22.799999999999997	43.684543999999995	1.7301631999999993	5.373248	21.009664000000008
22.816666666666663	43.684543999999995	1.7301631999999993	5.373248	21.009664000000008
22.83333333333333	43.684543999999995	1.7301631999999993	5.373248	21.009664000000008
22.849999999999998	44.179199999999994	1.7796287999999993	5.373248	21.009664000000008
22.866666666666664	44.179199999999994	1.7796287999999993	5.373248	21.009664000000008
22.883333333333333	44.179199999999994	1.7796287999999993	5.373248	21.009664000000008
22.9	44.179199999999994	1.7796287999999993	5.373248	21.009664000000008
22.916666666666664	44.179199999999994	1.7796287999999993	4.725664	21.657248000000006
22.93333333333333	44.673855999999994	1.8290943999999993	4.725664	21.657248000000006
22.949999999999996	44.673855999999994	1.8290943999999993	4.725664	21.657248000000006
22.96666666666666	44.673855999999994	1.8290943999999993	4.725664	21.657248000000006
22.98333333333333	44.673855999999994	1.8938527999999994	4.725664	21.009664000000008
22.999999999999996	44.673855999999994	1.8938527999999994	4.725664	21.009664000000008
23.016666666666666	45.16851199999999	1.9433183999999994	4.725664	21.009664000000008
23.03333333333333	45.16851199999999	1.9433183999999994	4.725664	21.009664000000008
23.049999999999997	45.16851199999999	1.9433183999999994	4.725664	21.009664000000008
23.066666666666663	45.16851199999999	1.9433183999999994	4.725664	21.009664000000008
23.08333333333333	45.16851199999999	1.9433183999999994	4.725664	21.009664000000008
23.099999999999998	45.16851199999999	1.9927839999999994	5.4374400000000005	19.803232000000005
23.116666666666664	45.66316799999999	2.0422495999999994	5.4374400000000005	19.803232000000005
23.133333333333333	45.66316799999999	2.0422495999999994	5.4374400000000005	19.803232000000005
23.15	45.66316799999999	2.0422495999999994	5.4374400000000005	19.803232000000005
23.166666666666664	45.66316799999999	2.0422495999999994	5.4374400000000005	19.803232000000005
23.18333333333333	45.66316799999999	2.0422495999999994	5.4374400000000005	19.803232000000005
23.199999999999996	46.15782399999999	2.0917151999999994	5.4374400000000005	19.803232000000005
23.21666666666666	46.15782399999999	2.0917151999999994	5.4374400000000005	19.803232000000005
23.23333333333333	46.15782399999999	2.0917151999999994	5.4374400000000005	19.803232000000005
23.249999999999996	46.15782399999999	2.0917151999999994	5.4374400000000005	19.803232000000005
23.266666666666666	46.15782399999999	2.0917151999999994	5.4374400000000005	19.803232000000005
23.28333333333333	46.15782399999999	2.0917151999999994	5.4374400000000005	19.803232000000005
23.299999999999997	46.65247999999999	2.1411808	5.4374400000000005	19.803232000000005
23.316666666666663	46.65247999999999	2.1411808	5.4374400000000005	19.803232000000005
23.33333333333333	46.65247999999999	2.1411808	5.4374400000000005	19.803232000000005
23.349999999999998	46.65247999999999	2.1411808	5.4374400000000005	19.803232000000005
23.366666666666664	46.65247999999999	2.1411808	5.4374400000000005	19.803232000000005
23.383333333333333	47.14713599999998	2.1906464	5.4374400000000005	19.803232000000005
23.4	47.14713599999998	2.1906464	5.4374400000000005	19.803232000000005
23.416666666666664	47.14713599999998	2.1906464	5.4374400000000005	19.803232000000005
23.43333333333333	47.14713599999998	2.1906464	5.4374400000000005	19.803232000000005
23.449999999999996	47.14713599999998	2.1906464	5.4374400000000005	19.803232000000005
23.46666666666666	47.14713599999998	2.1906464	5.4374400000000005	19.803232000000005
23.48333333333333	47.64179199999999	2.240112	5.4374400000000005	19.803232000000005
23.499999999999996	47.64179199999999	2.240112	5.4374400000000005	19.803232000000005
23.516666666666666	47.64179199999999	2.240112	4.725664	20.515008000000005
23.53333333333333	47.64179199999999	2.240112	4.725664	20.515008000000005
23.549999999999997	47.64179199999999	2.240112	4.725664	20.515008000000005
23.566666666666663	48.13644799999998	2.240112	5.220319999999999	20.515008000000005
23.58333333333333	48.13644799999998	2.240112	5.220319999999999	20.515008000000005
23.599999999999994	48.13644799999998	2.240112	4.572735999999999	21.162592000000007
23.616666666666664	48.13644799999998	2.240112	4.572735999999999	21.162592000000007
23.633333333333333	48.63110399999998	2.240112	5.067392	21.162592000000007
23.65	48.63110399999998	2.240112	5.067392	21.162592000000007
23.666666666666664	48.63110399999998	2.240112	5.067392	21.162592000000007
23.68333333333333	48.63110399999998	2.2895776	5.067392	20.667936000000005
23.699999999999996	48.63110399999998	2.2895776	5.067392	20.667936000000005
23.71666666666666	48.63110399999998	2.2895776	5.067392	20.667936000000005
23.73333333333333	49.12575999999998	2.2895776	5.562048000000001	20.667936000000005
23.749999999999996	49.12575999999998	2.2895776	5.562048000000001	20.667936000000005
23.766666666666666	49.12575999999998	2.2895776	5.562048000000001	20.667936000000005
23.78333333333333	49.12575999999998	2.2895776	5.562048000000001	20.667936000000005
23.799999999999997	49.12575999999998	2.2895776	5.562048000000001	20.667936000000005
23.816666666666663	49.62041599999998	2.2895776	6.056704000000002	20.667936000000005
23.83333333333333	49.62041599999998	2.2895776	6.056704000000002	20.667936000000005
23.849999999999994	49.62041599999998	2.2895776	6.056704000000002	20.667936000000005
23.866666666666664	49.62041599999998	2.2895776	6.056704000000002	20.667936000000005
23.88333333333333	49.62041599999998	2.2895776	6.056704000000002	20.667936000000005
23.9	50.11507199999998	2.2895776	6.551360000000001	20.667936000000005
23.916666666666664	50.11507199999998	2.2895776	6.551360000000001	20.667936000000005
23.93333333333333	50.11507199999998	2.2895776	6.551360000000001	20.667936000000005
23.949999999999996	50.11507199999998	2.2895776	7.198944000000001	20.020352000000006
23.96666666666666	50.11507199999998	2.2895776	7.198944000000001	20.020352000000006
23.98333333333333	50.609727999999976	2.2895776	7.693600000000002	20.020352000000006
23.999999999999996	50.609727999999976	2.2895776	7.693600000000002	20.020352000000006
24.016666666666666	50.609727999999976	2.2895776	7.693600000000002	20.020352000000006
24.03333333333333	50.609727999999976	2.2895776	7.693600000000002	20.020352000000006
24.049999999999997	50.609727999999976	2.2895776	7.693600000000002	20.020352000000006
24.066666666666663	50.609727999999976	2.2895776	7.693600000000002	20.020352000000006
24.08333333333333	51.10438399999997	2.2895776	7.693600000000002	20.515008000000005
24.099999999999994	51.10438399999997	2.2895776	7.693600000000002	20.515008000000005
24.116666666666664	51.10438399999997	2.2895776	7.693600000000002	20.515008000000005
24.13333333333333	51.10438399999997	2.2895776	7.693600000000002	20.515008000000005
24.15	51.10438399999997	2.2895776	7.693600000000002	20.515008000000005
24.166666666666664	51.10438399999997	2.2895776	7.693600000000002	20.515008000000005
24.18333333333333	51.59903999999997	2.2895776	7.693600000000002	21.009664000000008
24.199999999999996	51.59903999999997	2.2895776	7.693600000000002	21.009664000000008
24.21666666666666	51.59903999999997	2.2895776	7.693600000000002	21.009664000000008
24.23333333333333	51.59903999999997	2.2895776	7.693600000000002	21.009664000000008
24.249999999999996	51.59903999999997	2.2895776	7.693600000000002	21.009664000000008
24.266666666666666	52.093695999999966	2.2895776	7.693600000000002	21.504320000000007
24.28333333333333	52.093695999999966	2.2895776	7.693600000000002	21.504320000000007
24.299999999999997	52.093695999999966	2.2895776	7.046016000000002	22.151904000000005
24.316666666666663	52.093695999999966	2.2895776	7.046016000000002	22.151904000000005
24.33333333333333	52.093695999999966	2.2895776	7.046016000000002	22.151904000000005
24.349999999999994	52.588351999999965	2.3390432	6.334240000000001	22.863680000000006
24.366666666666664	52.588351999999965	2.3390432	6.334240000000001	22.863680000000006
24.38333333333333	52.588351999999965	2.3390432	6.334240000000001	22.863680000000006
24.4	52.588351999999965	2.3390432	6.334240000000001	22.863680000000006
24.416666666666664	52.588351999999965	2.3390432	6.334240000000001	22.863680000000006
24.43333333333333	52.588351999999965	2.3390432	6.334240000000001	22.863680000000006
24.449999999999996	53.083007999999964	2.3390432	5.839584	23.852992000000008
24.46666666666666	53.083007999999964	2.3390432	5.839584	23.852992000000008
24.48333333333333	53.083007999999964	2.3390432	5.839584	23.852992000000008
24.499999999999996	53.083007999999964	2.3390432	5.839584	23.852992000000008
24.516666666666666	53.083007999999964	2.3390432	5.839584	23.852992000000008
24.53333333333333	53.57766399999996	2.3390432	5.839584	24.347648000000007
24.549999999999997	53.57766399999996	2.3390432	5.839584	24.347648000000007
24.566666666666663	53.57766399999996	2.3390432	5.839584	24.347648000000007
24.58333333333333	53.57766399999996	2.3390432	5.839584	24.347648000000007
24.599999999999994	53.57766399999996	2.3390432	5.839584	24.347648000000007
24.616666666666664	53.57766399999996	2.3390432	5.839584	24.347648000000007
24.63333333333333	54.07231999999997	2.3390432	5.839584	24.842304000000006
24.65	54.07231999999997	2.3390432	5.839584	24.842304000000006
24.666666666666664	54.07231999999997	2.3390432	5.839584	24.842304000000006
24.68333333333333	54.07231999999997	2.3390432	5.839584	24.842304000000006
24.699999999999996	54.07231999999997	2.3390432	5.839584	24.842304000000006
24.71666666666666	54.56697599999997	2.3390432	5.839584	25.33696000000001
24.73333333333333	54.56697599999997	2.3390432	5.839584	25.33696000000001
24.749999999999996	54.56697599999997	2.3390432	5.839584	25.33696000000001
24.766666666666666	54.56697599999997	2.3390432	5.839584	25.33696000000001
24.78333333333333	54.56697599999997	2.3390432	5.839584	25.33696000000001
24.799999999999997	55.06163199999997	2.3390432	5.839584	25.831616000000007
24.816666666666663	55.06163199999997	2.3390432	5.839584	25.831616000000007
24.83333333333333	55.06163199999997	2.3390432	5.839584	25.831616000000007
24.849999999999994	55.06163199999997	2.3390432	5.839584	25.831616000000007
24.866666666666664	55.06163199999997	2.3390432	5.839584	25.831616000000007
24.88333333333333	55.06163199999997	2.3390432	5.839584	25.831616000000007
24.9	55.55628799999997	2.3390432	5.839584	26.326272000000007
24.916666666666664	55.55628799999997	2.3390432	5.839584	26.326272000000007
24.93333333333333	55.55628799999997	2.3390432	5.839584	26.326272000000007
24.949999999999996	55.55628799999997	2.3390432	5.839584	26.326272000000007
24.96666666666666	55.55628799999997	2.3390432	6.4871680000000005	25.678688000000008
24.98333333333333	56.09625599999997	2.3390432	6.4871680000000005	26.218656000000006
24.999999999999996	56.09625599999997	2.3390432	6.4871680000000005	26.218656000000006
25.016666666666666	56.09625599999997	2.3390432	5.992512000000001	26.713312000000005
25.03333333333333	56.09625599999997	2.3390432	5.992512000000001	26.713312000000005
25.049999999999997	56.09625599999997	2.3390432	5.992512000000001	26.713312000000005
25.066666666666663	56.09625599999997	2.3390432	5.344928000000001	27.360896000000004
25.08333333333333	56.63622399999997	2.3885088000000003	5.344928000000001	27.406208000000007
25.099999999999994	56.63622399999997	2.3885088000000003	5.344928000000001	27.406208000000007
25.116666666666664	56.63622399999997	2.3885088000000003	5.344928000000001	27.406208000000007
25.13333333333333	56.63622399999997	2.3885088000000003	5.344928000000001	27.406208000000007
25.15	56.63622399999997	2.3885088000000003	5.344928000000001	27.406208000000007
25.166666666666664	57.17619199999997	2.3885088000000003	5.344928000000001	27.946176000000005
25.18333333333333	57.17619199999997	2.3173312000000004	5.344928000000001	28.657952000000005
25.199999999999996	57.17619199999997	2.3173312000000004	5.344928000000001	28.657952000000005
25.21666666666666	57.17619199999997	2.3173312000000004	5.344928000000001	28.657952000000005
25.23333333333333	57.716159999999974	2.3173312000000004	5.344928000000001	29.197920000000003
25.249999999999996	57.716159999999974	2.3173312000000004	5.344928000000001	29.197920000000003
25.266666666666666	57.716159999999974	2.3173312000000004	5.344928000000001	29.197920000000003
25.28333333333333	57.716159999999974	2.3173312000000004	5.344928000000001	29.197920000000003
25.299999999999997	57.716159999999974	2.3173312000000004	5.344928000000001	29.197920000000003
25.316666666666663	57.716159999999974	2.371328	5.344928000000001	28.657952000000005
25.33333333333333	58.256127999999975	2.4253248000000003	5.344928000000001	28.657952000000005
25.349999999999994	58.256127999999975	2.4253248000000003	5.344928000000001	28.657952000000005
25.366666666666664	58.256127999999975	2.4253248000000003	5.344928000000001	28.657952000000005
25.38333333333333	58.256127999999975	2.4253248000000003	5.344928000000001	28.657952000000005
25.4	58.256127999999975	2.4253248000000003	5.344928000000001	28.657952000000005
25.416666666666664	58.79609599999998	2.4793216000000005	5.344928000000001	28.657952000000005
25.43333333333333	58.79609599999998	2.4793216000000005	5.344928000000001	28.657952000000005
25.449999999999996	58.79609599999998	2.4793216000000005	5.344928000000001	28.657952000000005
25.46666666666666	58.79609599999998	2.4793216000000005	5.344928000000001	28.657952000000005
25.48333333333333	58.79609599999998	2.4793216000000005	5.344928000000001	28.657952000000005
25.499999999999996	59.33606399999998	2.5333184000000006	5.344928000000001	28.657952000000005
25.516666666666666	59.33606399999998	2.5333184000000006	5.344928000000001	28.657952000000005
25.53333333333333	59.33606399999998	2.5333184000000006	5.344928000000001	28.657952000000005
25.549999999999997	59.33606399999998	2.5333184000000006	5.344928000000001	28.657952000000005
25.566666666666663	59.33606399999998	2.5333184000000006	5.344928000000001	28.657952000000005
25.58333333333333	59.33606399999998	2.5333184000000006	4.850272	29.152608000000004
25.599999999999994	59.87603199999998	2.587315200000001	4.850272	29.152608000000004
25.616666666666664	59.87603199999998	2.587315200000001	4.850272	29.152608000000004
25.63333333333333	59.87603199999998	2.587315200000001	4.850272	29.152608000000004
25.65	59.87603199999998	2.587315200000001	4.850272	29.152608000000004
25.666666666666664	59.87603199999998	2.587315200000001	4.850272	29.152608000000004
25.68333333333333	60.41599999999998	2.6413120000000005	4.850272	29.152608000000004
25.699999999999996	60.41599999999998	2.6413120000000005	4.850272	29.152608000000004
25.71666666666666	60.41599999999998	2.6413120000000005	4.850272	29.152608000000004
25.733333333333327	60.41599999999998	2.6413120000000005	4.850272	29.152608000000004
25.749999999999996	60.41599999999998	2.6413120000000005	4.850272	29.152608000000004
25.766666666666666	60.955967999999984	2.6953088000000007	4.850272	29.152608000000004
25.78333333333333	60.955967999999984	2.6953088000000007	4.850272	29.152608000000004
25.799999999999997	60.955967999999984	2.6953088000000007	4.850272	29.152608000000004
25.816666666666663	60.955967999999984	2.749305600000001	4.850272	28.612640000000006
25.83333333333333	60.955967999999984	2.749305600000001	4.850272	28.612640000000006
25.849999999999994	60.955967999999984	2.749305600000001	4.202688	29.260224000000004
25.866666666666664	61.495935999999986	2.8033024000000006	4.202688	29.260224000000004
25.88333333333333	61.495935999999986	2.8033024000000006	4.202688	29.260224000000004
25.9	61.495935999999986	2.8033024000000006	4.850272	28.612640000000006
25.916666666666664	61.495935999999986	2.8033024000000006	4.850272	28.612640000000006
25.93333333333333	62.03590399999999	2.857299200000001	4.850272	28.612640000000006
25.949999999999996	62.03590399999999	2.857299200000001	4.850272	28.612640000000006
25.96666666666666	62.03590399999999	2.857299200000001	4.850272	28.612640000000006
25.983333333333327	62.03590399999999	2.857299200000001	5.562048000000001	27.900864000000006
25.999999999999996	62.03590399999999	2.857299200000001	5.562048000000001	27.900864000000006
26.016666666666662	62.03590399999999	2.857299200000001	5.562048000000001	27.900864000000006
26.03333333333333	62.57587199999999	2.8401184000000006	5.562048000000001	28.612640000000006
26.049999999999997	62.57587199999999	2.8401184000000006	5.562048000000001	28.612640000000006
26.066666666666663	62.57587199999999	2.8401184000000006	5.562048000000001	28.612640000000006
26.08333333333333	62.57587199999999	2.8401184000000006	5.562048000000001	28.612640000000006
26.099999999999994	62.57587199999999	2.8401184000000006	5.562048000000001	28.612640000000006
26.116666666666664	62.57587199999999	2.8401184000000006	5.562048000000001	28.612640000000006
26.13333333333333	63.11583999999999	2.8401184000000006	6.102016000000001	28.612640000000006
26.15	63.11583999999999	2.8401184000000006	6.102016000000001	28.612640000000006
26.166666666666664	63.11583999999999	2.8401184000000006	6.102016000000001	28.612640000000006
26.18333333333333	63.11583999999999	2.8401184000000006	5.607360000000002	29.107296000000005
26.199999999999996	63.11583999999999	2.8401184000000006	5.607360000000002	29.107296000000005
26.21666666666666	63.655808	2.8401184000000006	6.147328000000002	29.107296000000005
26.233333333333327	63.655808	2.8401184000000006	6.147328000000002	29.107296000000005
26.249999999999996	63.655808	2.8401184000000006	6.147328000000002	29.107296000000005
26.266666666666662	63.655808	2.8401184000000006	6.147328000000002	29.107296000000005
26.28333333333333	63.655808	2.8401184000000006	6.147328000000002	29.107296000000005
26.299999999999997	64.195776	2.8401184000000006	6.687296000000002	29.107296000000005
26.316666666666663	64.195776	2.8401184000000006	6.687296000000002	29.107296000000005
26.33333333333333	64.195776	2.8941152000000008	6.687296000000002	28.567328000000007
26.349999999999994	64.195776	2.8941152000000008	6.687296000000002	28.567328000000007
26.366666666666664	64.195776	2.8941152000000008	6.687296000000002	28.567328000000007
26.38333333333333	64.195776	2.8941152000000008	6.687296000000002	28.567328000000007
26.4	64.735744	2.8941152000000008	7.227264000000002	28.567328000000007
26.416666666666664	64.735744	2.8941152000000008	7.227264000000002	28.567328000000007
26.43333333333333	64.735744	2.8941152000000008	7.227264000000002	28.567328000000007
26.449999999999996	64.735744	2.8941152000000008	7.227264000000002	28.567328000000007
26.46666666666666	64.735744	2.8941152000000008	7.227264000000002	28.567328000000007
26.483333333333327	65.275712	2.8941152000000008	7.767232000000002	28.567328000000007
26.499999999999996	65.275712	2.8941152000000008	7.767232000000002	28.567328000000007
26.516666666666662	65.275712	2.8941152000000008	7.767232000000002	28.567328000000007
26.53333333333333	65.275712	2.8941152000000008	7.767232000000002	28.567328000000007
26.549999999999997	65.275712	2.8941152000000008	7.767232000000002	28.567328000000007
26.566666666666663	65.81568	2.8941152000000008	8.307200000000002	28.567328000000007
26.58333333333333	65.81568	2.8941152000000008	8.307200000000002	28.567328000000007
26.599999999999994	65.81568	2.8941152000000008	8.307200000000002	28.567328000000007
26.616666666666664	65.81568	2.8941152000000008	8.307200000000002	28.567328000000007
26.63333333333333	65.81568	2.8941152000000008	8.307200000000002	28.567328000000007
26.65	66.355648	2.8293568000000007	8.307200000000002	29.754880000000004
26.666666666666664	66.355648	2.8293568000000007	8.307200000000002	29.754880000000004
26.68333333333333	66.355648	2.8293568000000007	8.307200000000002	29.754880000000004
26.699999999999996	66.355648	2.8293568000000007	8.307200000000002	29.754880000000004
26.71666666666666	66.89561600000002	2.8293568000000007	8.307200000000002	30.294848
26.733333333333327	66.89561600000002	2.8293568000000007	8.307200000000002	30.294848
26.749999999999996	66.89561600000002	2.8293568000000007	8.307200000000002	30.294848
26.766666666666662	66.89561600000002	2.8293568000000007	8.307200000000002	30.294848
26.78333333333333	66.89561600000002	2.8293568000000007	8.307200000000002	30.294848
26.799999999999997	66.89561600000002	2.8293568000000007	8.307200000000002	30.294848
26.816666666666663	67.435584	2.8293568000000007	7.812544000000001	31.329471999999996
26.83333333333333	67.435584	2.8293568000000007	7.812544000000001	31.329471999999996
26.849999999999994	67.435584	2.8293568000000007	8.460128000000001	30.681887999999997
26.866666666666664	67.435584	2.8833536000000004	8.460128000000001	30.14192
26.88333333333333	67.435584	2.8121760000000005	8.460128000000001	30.853696
26.9	67.97555200000002	2.8121760000000005	8.460128000000001	31.393663999999998
26.916666666666664	67.97555200000002	2.8121760000000005	8.460128000000001	31.393663999999998
26.93333333333333	67.97555200000002	2.8121760000000005	8.460128000000001	31.393663999999998
26.949999999999996	67.97555200000002	2.8121760000000005	8.460128000000001	31.393663999999998
26.96666666666666	67.97555200000002	2.8121760000000005	8.460128000000001	31.393663999999998
26.983333333333327	68.51552000000002	2.8121760000000005	9.171904000000001	31.221855999999995
26.999999999999996	68.51552000000002	2.8121760000000005	9.171904000000001	31.221855999999995
27.016666666666662	68.51552000000002	2.8121760000000005	9.171904000000001	31.221855999999995
27.03333333333333	68.51552000000002	2.8121760000000005	9.171904000000001	31.221855999999995
27.049999999999997	68.51552000000002	2.8121760000000005	9.171904000000001	31.221855999999995
27.066666666666663	69.05548800000003	2.8121760000000005	9.171904000000001	31.761823999999994
27.08333333333333	69.05548800000003	2.8121760000000005	9.171904000000001	31.761823999999994
27.099999999999994	69.05548800000003	2.8121760000000005	9.171904000000001	31.761823999999994
27.116666666666664	69.05548800000003	2.8121760000000005	9.171904000000001	31.761823999999994
27.13333333333333	69.05548800000003	2.8121760000000005	9.171904000000001	31.761823999999994
27.15	69.59545600000003	2.8121760000000005	9.171904000000001	32.30179199999999
27.166666666666664	69.59545600000003	2.8121760000000005	9.171904000000001	32.30179199999999
27.18333333333333	69.59545600000003	2.8121760000000005	9.171904000000001	32.30179199999999
27.199999999999996	69.59545600000003	2.8121760000000005	8.631936000000001	32.84175999999999
27.21666666666666	69.59545600000003	2.8121760000000005	8.631936000000001	32.84175999999999
27.233333333333327	70.13542400000003	2.8121760000000005	8.631936000000001	33.38172799999998
27.249999999999996	70.13542400000003	2.8121760000000005	8.631936000000001	33.38172799999998
27.266666666666662	70.13542400000003	2.8121760000000005	8.631936000000001	33.38172799999998
27.28333333333333	70.13542400000003	2.8121760000000005	8.631936000000001	33.38172799999998
27.299999999999997	70.13542400000003	2.8121760000000005	8.631936000000001	33.38172799999998
27.316666666666663	70.13542400000003	2.8121760000000005	8.631936000000001	33.38172799999998
27.33333333333333	70.67539200000003	2.8121760000000005	8.631936000000001	33.92169599999998
27.349999999999994	70.67539200000003	2.8121760000000005	8.631936000000001	33.92169599999998
27.366666666666664	70.67539200000003	2.8121760000000005	8.631936000000001	33.92169599999998
27.38333333333333	70.67539200000003	2.8121760000000005	8.631936000000001	33.92169599999998
27.4	70.67539200000003	2.8121760000000005	8.631936000000001	33.92169599999998
27.416666666666664	71.21536000000003	2.8121760000000005	8.631936000000001	34.46166399999998
27.43333333333333	71.21536000000003	2.8121760000000005	8.631936000000001	34.46166399999998
27.449999999999996	71.21536000000003	2.8121760000000005	8.631936000000001	34.46166399999998
27.46666666666666	71.21536000000003	2.7474176000000003	8.631936000000001	35.10924799999998
27.483333333333327	71.21536000000003	2.7474176000000003	9.126592000000002	34.61459199999998
27.499999999999996	71.75532800000003	2.7474176000000003	8.631936000000001	35.649215999999974
27.516666666666662	71.75532800000003	2.7474176000000003	8.631936000000001	35.649215999999974
27.53333333333333	71.75532800000003	2.7474176000000003	8.631936000000001	35.649215999999974
27.549999999999997	71.75532800000003	2.7474176000000003	8.631936000000001	35.649215999999974
27.566666666666663	71.75532800000003	2.7474176000000003	8.631936000000001	35.649215999999974
27.58333333333333	72.29529600000004	2.7474176000000003	8.631936000000001	36.18918399999997
27.599999999999994	72.29529600000004	2.7474176000000003	8.631936000000001	36.18918399999997
27.616666666666664	72.29529600000004	2.7474176000000003	8.631936000000001	36.18918399999997
27.63333333333333	72.29529600000004	2.7474176000000003	8.631936000000001	36.18918399999997
27.65	72.29529600000004	2.7474176000000003	8.631936000000001	36.18918399999997
27.666666666666664	72.29529600000004	2.7474176000000003	8.631936000000001	36.18918399999997
27.68333333333333	72.29529600000004	2.7474176000000003	8.631936000000001	36.18918399999997
27.699999999999996	72.29529600000004	2.7474176000000003	8.631936000000001	36.18918399999997
27.71666666666666	72.29529600000004	2.7474176000000003	8.631936000000001	36.18918399999997
27.733333333333327	72.29529600000004	2.7474176000000003	8.631936000000001	36.18918399999997
27.749999999999996	72.29529600000004	2.7474176000000003	8.631936000000001	36.18918399999997
27.766666666666662	72.29529600000004	2.7474176000000003	8.631936000000001	36.18918399999997
27.78333333333333	72.29529600000004	2.6762400000000004	8.091968000000001	37.44092799999997
27.799999999999997	72.29529600000004	2.6762400000000004	8.091968000000001	37.44092799999997
27.816666666666663	72.29529600000004	2.6762400000000004	8.091968000000001	37.44092799999997
27.83333333333333	72.29529600000004	2.6762400000000004	8.091968000000001	37.44092799999997
27.849999999999994	72.29529600000004	2.6762400000000004	8.091968000000001	37.44092799999997
27.86666666666666	72.29529600000004	2.6762400000000004	8.739552000000002	36.79334399999997
27.88333333333333	72.29529600000004	2.6762400000000004	8.739552000000002	36.79334399999997
27.899999999999995	72.29529600000004	2.6762400000000004	8.739552000000002	36.79334399999997
27.916666666666664	72.29529600000004	2.6762400000000004	8.739552000000002	36.79334399999997
27.93333333333333	72.29529600000004	2.6762400000000004	8.739552000000002	36.79334399999997
27.949999999999996	72.29529600000004	2.6762400000000004	8.739552000000002	36.79334399999997
27.96666666666666	72.29529600000004	2.6762400000000004	8.739552000000002	36.79334399999997
27.98333333333333	72.29529600000004	2.6762400000000004	8.739552000000002	36.79334399999997
27.999999999999996	72.29529600000004	2.6762400000000004	8.739552000000002	36.79334399999997
28.016666666666662	72.29529600000004	2.6762400000000004	8.739552000000002	36.79334399999997
28.033333333333328	72.29529600000004	2.6762400000000004	8.739552000000002	36.79334399999997
28.049999999999997	72.29529600000004	2.6762400000000004	8.739552000000002	36.79334399999997
28.066666666666663	72.29529600000004	2.6762400000000004	8.739552000000002	36.79334399999997
28.08333333333333	72.29529600000004	2.6762400000000004	8.739552000000002	36.79334399999997
28.099999999999994	72.29529600000004	2.6762400000000004	8.739552000000002	36.79334399999997
28.116666666666664	72.29529600000004	2.6762400000000004	8.739552000000002	36.79334399999997
28.13333333333333	72.29529600000004	2.6762400000000004	8.739552000000002	36.79334399999997
28.149999999999995	72.29529600000004	2.6762400000000004	8.739552000000002	36.79334399999997
28.166666666666664	72.29529600000004	2.6762400000000004	9.234208000000002	36.29868799999997
28.18333333333333	72.29529600000004	2.6762400000000004	9.234208000000002	36.29868799999997
28.199999999999996	72.29529600000004	2.6762400000000004	9.234208000000002	36.29868799999997
28.21666666666666	72.29529600000004	2.6762400000000004	9.234208000000002	36.29868799999997
28.23333333333333	72.29529600000004	2.6267744000000004	9.234208000000002	36.79334399999997
28.249999999999996	72.29529600000004	2.6267744000000004	9.234208000000002	36.79334399999997
28.266666666666662	72.29529600000004	2.6267744000000004	9.234208000000002	36.79334399999997
28.283333333333328	72.29529600000004	2.6267744000000004	9.234208000000002	36.79334399999997
28.299999999999997	72.29529600000004	2.5620160000000003	9.234208000000002	37.44092799999997
28.316666666666663	72.29529600000004	2.5620160000000003	8.694240000000002	37.980895999999966
28.33333333333333	72.29529600000004	2.5620160000000003	8.694240000000002	37.980895999999966
28.349999999999994	72.29529600000004	2.5620160000000003	8.694240000000002	37.980895999999966
28.366666666666664	72.29529600000004	2.5620160000000003	8.694240000000002	37.980895999999966
28.38333333333333	72.29529600000004	2.5620160000000003	8.694240000000002	37.980895999999966
28.399999999999995	72.29529600000004	2.5620160000000003	8.694240000000002	37.980895999999966
28.416666666666664	72.29529600000004	2.5620160000000003	8.694240000000002	37.980895999999966
28.43333333333333	72.29529600000004	2.5620160000000003	8.694240000000002	37.980895999999966
28.449999999999996	72.29529600000004	2.5620160000000003	8.694240000000002	37.980895999999966
28.46666666666666	72.29529600000004	2.5620160000000003	8.694240000000002	37.980895999999966
28.48333333333333	72.29529600000004	2.5620160000000003	8.694240000000002	37.980895999999966
28.499999999999996	72.29529600000004	2.5620160000000003	8.694240000000002	37.980895999999966
28.516666666666662	71.58352000000004	2.5620160000000003	7.982464000000002	37.980895999999966
28.533333333333328	71.58352000000004	2.5620160000000003	7.982464000000002	37.980895999999966
28.549999999999997	71.58352000000004	2.5620160000000003	7.982464000000002	37.980895999999966
28.566666666666663	70.87174400000004	2.5620160000000003	7.270688000000002	37.980895999999966
28.58333333333333	70.87174400000004	2.5620160000000003	7.270688000000002	37.980895999999966
28.599999999999994	70.87174400000004	2.5620160000000003	7.270688000000002	37.980895999999966
28.616666666666664	70.87174400000004	2.5620160000000003	7.270688000000002	37.980895999999966
28.63333333333333	70.15996800000003	2.4908384000000003	7.270688000000002	37.980895999999966
28.649999999999995	70.15996800000003	2.4908384000000003	7.270688000000002	37.980895999999966
28.66666666666666	70.15996800000003	2.4908384000000003	7.270688000000002	37.980895999999966
28.68333333333333	69.44819200000003	2.4196608000000004	7.270688000000002	37.980895999999966
28.699999999999996	69.44819200000003	2.4196608000000004	7.270688000000002	37.980895999999966
28.71666666666666	69.44819200000003	2.3484832000000004	7.270688000000002	38.692671999999966
28.73333333333333	68.73641600000003	2.2773056000000005	7.270688000000002	38.692671999999966
28.749999999999996	68.73641600000003	2.2773056000000005	7.270688000000002	38.692671999999966
28.766666666666662	68.73641600000003	2.2773056000000005	7.270688000000002	38.692671999999966
28.783333333333328	68.02464000000003	2.2061280000000005	7.270688000000002	38.692671999999966
28.799999999999997	68.02464000000003	2.2061280000000005	7.270688000000002	38.692671999999966
28.816666666666663	68.02464000000003	2.2061280000000005	7.270688000000002	38.692671999999966
28.83333333333333	67.31286400000003	2.1349504000000006	7.270688000000002	38.692671999999966
28.849999999999994	67.31286400000003	2.1349504000000006	7.270688000000002	38.692671999999966
28.866666666666664	67.31286400000003	2.1349504000000006	7.270688000000002	38.692671999999966
28.88333333333333	66.60108800000003	2.0637728000000006	6.730720000000002	39.23263999999997
28.899999999999995	66.60108800000003	2.0637728000000006	7.378304000000002	38.585055999999966
28.91666666666666	66.60108800000003	2.0637728000000006	7.378304000000002	38.585055999999966
28.93333333333333	65.88931200000003	1.9925952000000007	7.378304000000002	38.585055999999966
28.949999999999996	65.88931200000003	1.9925952000000007	7.872960000000001	38.09039999999997
28.96666666666666	65.88931200000003	1.9925952000000007	7.872960000000001	38.09039999999997
28.98333333333333	65.88931200000003	1.9431296000000007	7.872960000000001	38.585055999999966
28.999999999999996	65.17753600000003	1.9431296000000007	7.872960000000001	37.873279999999966
29.016666666666662	65.17753600000003	1.9431296000000007	7.872960000000001	37.873279999999966
29.033333333333328	65.17753600000003	1.9431296000000007	7.872960000000001	37.873279999999966
29.049999999999997	64.46576000000003	1.9431296000000007	7.872960000000001	37.161503999999965
29.066666666666663	64.46576000000003	1.9971264000000009	7.872960000000001	36.62153599999997
29.08333333333333	64.46576000000003	1.9971264000000009	7.872960000000001	36.62153599999997
29.099999999999994	63.75398400000004	1.9971264000000009	7.872960000000001	35.90975999999997
29.116666666666664	63.75398400000004	1.9971264000000009	7.872960000000001	35.90975999999997
29.13333333333333	63.75398400000004	1.9971264000000009	7.872960000000001	35.90975999999997
29.149999999999995	63.04220800000004	1.9323680000000008	7.872960000000001	35.845567999999965
29.16666666666666	63.04220800000004	1.9323680000000008	7.872960000000001	35.845567999999965
29.18333333333333	63.04220800000004	1.9323680000000008	7.872960000000001	35.845567999999965
29.199999999999996	63.04220800000004	1.9323680000000008	7.872960000000001	35.845567999999965
29.21666666666666	62.33043200000004	1.9323680000000008	7.872960000000001	35.133791999999964
29.23333333333333	62.33043200000004	1.9323680000000008	7.872960000000001	35.133791999999964
29.249999999999996	62.33043200000004	1.9323680000000008	7.872960000000001	35.133791999999964
29.266666666666662	61.61865600000004	1.9323680000000008	7.872960000000001	34.422015999999964
29.283333333333328	61.61865600000004	1.9323680000000008	7.872960000000001	34.422015999999964
29.299999999999997	61.61865600000004	1.9323680000000008	7.872960000000001	34.422015999999964
29.316666666666663	60.90688000000004	1.9323680000000008	7.872960000000001	33.71023999999996
29.33333333333333	60.90688000000004	1.9323680000000008	7.872960000000001	33.71023999999996
29.349999999999994	60.90688000000004	1.9323680000000008	7.872960000000001	33.71023999999996
29.366666666666664	60.195104000000036	1.9323680000000008	7.872960000000001	32.99846399999996
29.38333333333333	60.195104000000036	1.9323680000000008	7.872960000000001	32.99846399999996
29.399999999999995	60.195104000000036	1.9323680000000008	7.872960000000001	32.99846399999996
29.41666666666666	60.195104000000036	1.9323680000000008	7.872960000000001	32.99846399999996
29.43333333333333	59.483328000000036	1.9323680000000008	7.332992000000001	32.826655999999964
29.449999999999996	59.483328000000036	1.9323680000000008	7.332992000000001	32.826655999999964
29.46666666666666	59.483328000000036	1.9323680000000008	7.332992000000001	32.826655999999964
29.483333333333327	58.771552000000035	1.9323680000000008	7.332992000000001	32.114879999999964
29.499999999999996	58.771552000000035	1.9323680000000008	7.332992000000001	32.114879999999964
29.516666666666662	58.771552000000035	1.9323680000000008	7.332992000000001	32.114879999999964
29.533333333333328	58.059776000000035	1.9323680000000008	7.332992000000001	31.403103999999963
29.549999999999997	58.059776000000035	1.9323680000000008	7.332992000000001	31.403103999999963
29.566666666666663	58.059776000000035	1.9863648000000005	7.332992000000001	30.863135999999965
29.58333333333333	58.059776000000035	1.9863648000000005	7.332992000000001	30.863135999999965
29.599999999999994	57.348000000000035	1.9863648000000005	7.332992000000001	30.151359999999965
29.616666666666664	57.348000000000035	1.9863648000000005	7.332992000000001	30.151359999999965
29.63333333333333	57.348000000000035	1.9863648000000005	7.332992000000001	30.151359999999965
29.649999999999995	56.636224000000034	1.9863648000000005	7.332992000000001	29.439583999999964
29.66666666666666	56.636224000000034	1.9863648000000005	7.332992000000001	29.439583999999964
29.68333333333333	56.636224000000034	1.9863648000000005	7.332992000000001	29.439583999999964
29.699999999999996	55.924448000000034	1.9863648000000005	7.332992000000001	28.727807999999964
29.71666666666666	55.924448000000034	1.9863648000000005	7.332992000000001	28.727807999999964
29.733333333333327	55.21267200000003	1.9863648000000005	7.332992000000001	28.016031999999964
29.749999999999996	55.21267200000003	1.9368992000000005	7.332992000000001	28.510687999999963
29.766666666666662	55.21267200000003	1.9368992000000005	7.332992000000001	28.510687999999963
29.783333333333328	55.21267200000003	1.9368992000000005	7.332992000000001	28.510687999999963
29.799999999999997	54.50089600000003	1.9368992000000005	7.332992000000001	27.798911999999962
29.816666666666663	54.50089600000003	1.9368992000000005	7.332992000000001	27.798911999999962
29.83333333333333	54.50089600000003	1.9368992000000005	7.827648000000002	27.304255999999963
29.849999999999994	53.78912000000003	1.9368992000000005	7.827648000000002	26.592479999999963
29.866666666666664	53.78912000000003	1.9368992000000005	7.827648000000002	26.592479999999963
29.88333333333333	53.78912000000003	1.9368992000000005	7.827648000000002	26.592479999999963
29.899999999999995	53.07734400000003	1.9368992000000005	7.827648000000002	25.880703999999962
29.91666666666666	53.07734400000003	1.9368992000000005	7.827648000000002	25.880703999999962
29.93333333333333	53.07734400000003	1.9368992000000005	7.827648000000002	25.880703999999962
29.949999999999996	53.07734400000003	1.9368992000000005	7.827648000000002	25.880703999999962
29.96666666666666	52.36556800000003	1.9368992000000005	7.115872000000001	25.880703999999962
29.983333333333327	52.36556800000003	1.9368992000000005	7.115872000000001	25.880703999999962
29.999999999999996	52.36556800000003	1.9368992000000005	7.115872000000001	25.880703999999962
30.016666666666662	51.65379200000003	1.8721408000000004	6.404096000000001	26.52828799999996
30.033333333333328	51.65379200000003	1.8721408000000004	5.864128000000001	27.06825599999996
30.049999999999997	51.65379200000003	1.8721408000000004	5.864128000000001	27.06825599999996
30.066666666666663	51.00620800000003	1.8721408000000004	5.216544000000001	27.06825599999996
30.08333333333333	51.00620800000003	1.8721408000000004	5.756512000000001	26.52828799999996
30.099999999999994	51.00620800000003	1.8721408000000004	5.756512000000001	26.52828799999996
30.116666666666664	51.00620800000003	1.8721408000000004	5.756512000000001	26.52828799999996
30.13333333333333	50.35862400000003	1.8721408000000004	5.108928000000001	26.52828799999996
30.149999999999995	50.35862400000003	1.8721408000000004	5.108928000000001	26.52828799999996
30.16666666666666	50.35862400000003	1.8721408000000004	5.108928000000001	26.52828799999996
30.18333333333333	49.711040000000025	1.8073824000000003	5.108928000000001	26.52828799999996
30.199999999999996	49.711040000000025	1.8073824000000003	5.108928000000001	26.52828799999996
30.21666666666666	49.711040000000025	1.8073824000000003	5.108928000000001	26.52828799999996
30.233333333333327	49.06345600000002	1.7426240000000002	5.108928000000001	26.52828799999996
30.249999999999996	49.06345600000002	1.7426240000000002	5.108928000000001	26.52828799999996
30.266666666666662	49.06345600000002	1.7426240000000002	5.108928000000001	26.52828799999996
30.283333333333328	49.06345600000002	1.7426240000000002	5.108928000000001	26.52828799999996
30.299999999999997	48.41587200000002	1.6778656	5.108928000000001	26.52828799999996
30.316666666666663	48.41587200000002	1.6778656	5.108928000000001	26.52828799999996
30.33333333333333	48.41587200000002	1.6778656	5.108928000000001	26.52828799999996
30.349999999999994	47.76828800000002	1.6131072	5.108928000000001	26.52828799999996
30.366666666666664	47.76828800000002	1.6131072	5.108928000000001	26.52828799999996
30.38333333333333	47.76828800000002	1.6131072	5.108928000000001	26.52828799999996
30.399999999999995	47.12070400000002	1.5483487999999999	5.108928000000001	26.52828799999996
30.41666666666666	47.12070400000002	1.5483487999999999	5.108928000000001	26.52828799999996
30.43333333333333	47.12070400000002	1.5483487999999999	5.108928000000001	26.52828799999996
30.449999999999996	47.12070400000002	1.5483487999999999	5.108928000000001	26.52828799999996
30.46666666666666	46.473120000000016	1.4835903999999998	5.108928000000001	26.52828799999996
30.483333333333327	46.473120000000016	1.4835903999999998	5.108928000000001	26.52828799999996
30.499999999999996	46.473120000000016	1.4835903999999998	5.108928000000001	26.52828799999996
30.516666666666662	45.825536000000014	1.4188319999999996	5.108928000000001	26.52828799999996
30.533333333333328	45.825536000000014	1.4188319999999996	5.108928000000001	26.52828799999996
30.549999999999997	45.825536000000014	1.4188319999999996	5.108928000000001	26.52828799999996
30.566666666666663	45.17795200000001	1.3540735999999998	5.108928000000001	26.52828799999996
30.58333333333333	45.17795200000001	1.3046079999999998	5.108928000000001	27.02294399999996
30.599999999999994	45.17795200000001	1.3046079999999998	5.108928000000001	27.02294399999996
30.616666666666664	45.17795200000001	1.3046079999999998	5.108928000000001	27.02294399999996
30.63333333333333	44.53036800000001	1.3046079999999998	5.108928000000001	26.37535999999996
30.649999999999995	44.53036800000001	1.3046079999999998	5.648896000000001	25.83539199999996
30.66666666666666	43.88278400000001	1.3046079999999998	5.648896000000001	25.18780799999996
30.68333333333333	43.88278400000001	1.2506111999999998	5.648896000000001	25.727775999999963
30.699999999999996	43.88278400000001	1.2506111999999998	5.648896000000001	25.727775999999963
30.71666666666666	43.235200000000006	1.2506111999999998	5.648896000000001	25.080191999999965
30.733333333333327	43.235200000000006	1.2506111999999998	5.648896000000001	25.080191999999965
30.749999999999996	43.235200000000006	1.2506111999999998	5.648896000000001	25.080191999999965
30.766666666666662	43.235200000000006	1.2506111999999998	5.648896000000001	25.080191999999965
30.783333333333328	42.587616000000004	1.2506111999999998	5.648896000000001	24.432607999999966
30.799999999999994	42.587616000000004	1.2506111999999998	5.648896000000001	24.432607999999966
30.816666666666663	42.587616000000004	1.2506111999999998	6.143552000000001	23.937951999999967
30.83333333333333	41.940032	1.2506111999999998	6.143552000000001	23.29036799999997
30.849999999999994	41.940032	1.2506111999999998	6.143552000000001	23.29036799999997
30.866666666666664	41.940032	1.2506111999999998	6.143552000000001	23.29036799999997
30.88333333333333	41.940032	1.2506111999999998	6.143552000000001	23.29036799999997
30.899999999999995	41.292448	1.2506111999999998	6.143552000000001	22.64278399999997
30.91666666666666	41.292448	1.2506111999999998	6.143552000000001	22.64278399999997
30.93333333333333	41.292448	1.2506111999999998	6.143552000000001	22.64278399999997
30.949999999999996	40.644864	1.2506111999999998	6.143552000000001	21.995199999999972
30.96666666666666	40.644864	1.2506111999999998	6.143552000000001	21.995199999999972
30.983333333333327	40.644864	1.2506111999999998	6.143552000000001	21.995199999999972
30.999999999999996	39.997279999999996	1.2506111999999998	6.143552000000001	21.347615999999974
31.016666666666662	39.997279999999996	1.2506111999999998	6.143552000000001	21.347615999999974
31.033333333333328	39.997279999999996	1.2506111999999998	6.143552000000001	21.347615999999974
31.049999999999994	39.997279999999996	1.2506111999999998	6.143552000000001	21.347615999999974
31.066666666666663	39.349695999999994	1.2506111999999998	6.143552000000001	20.700031999999975
31.08333333333333	39.349695999999994	1.2506111999999998	6.143552000000001	20.700031999999975
31.099999999999994	39.349695999999994	1.2506111999999998	6.143552000000001	20.700031999999975
31.116666666666664	38.70211199999999	1.2506111999999998	6.143552000000001	20.052447999999977
31.13333333333333	38.70211199999999	1.2506111999999998	6.143552000000001	20.052447999999977
31.149999999999995	38.70211199999999	1.2506111999999998	6.143552000000001	20.052447999999977
31.16666666666666	38.05452799999999	1.2506111999999998	6.143552000000001	19.40486399999998
31.18333333333333	38.05452799999999	1.2506111999999998	6.143552000000001	19.40486399999998
31.199999999999996	38.05452799999999	1.2506111999999998	6.143552000000001	19.40486399999998
31.21666666666666	38.05452799999999	1.2506111999999998	6.143552000000001	19.40486399999998
31.233333333333327	37.40694399999999	1.2506111999999998	6.143552000000001	18.75727999999998
31.249999999999996	37.40694399999999	1.2506111999999998	6.143552000000001	18.75727999999998
31.266666666666662	37.40694399999999	1.2506111999999998	6.143552000000001	18.75727999999998
31.283333333333328	36.75935999999999	1.2506111999999998	6.143552000000001	18.109695999999982
31.299999999999994	36.75935999999999	1.2506111999999998	6.683520000000001	17.569727999999984
31.316666666666663	36.75935999999999	1.2506111999999998	6.683520000000001	17.569727999999984
31.33333333333333	36.75935999999999	1.2506111999999998	6.683520000000001	17.569727999999984
31.349999999999994	36.111775999999985	1.2506111999999998	6.683520000000001	16.922143999999985
31.366666666666664	36.111775999999985	1.1966143999999999	6.683520000000001	17.462111999999983
31.38333333333333	36.111775999999985	1.1966143999999999	6.683520000000001	17.462111999999983
31.399999999999995	35.46419199999998	1.1471487999999999	6.683520000000001	17.309183999999984
31.41666666666666	35.46419199999998	1.1471487999999999	6.683520000000001	17.309183999999984
31.43333333333333	35.46419199999998	1.1471487999999999	6.683520000000001	17.309183999999984
31.449999999999996	34.81660799999998	1.1471487999999999	6.683520000000001	16.661599999999986
31.46666666666666	34.81660799999998	1.1471487999999999	6.683520000000001	16.661599999999986
31.483333333333327	34.81660799999998	1.1471487999999999	6.683520000000001	16.661599999999986
31.499999999999996	34.81660799999998	1.1471487999999999	6.683520000000001	16.661599999999986
31.516666666666662	34.16902399999998	1.1471487999999999	6.683520000000001	16.014015999999987
31.533333333333328	34.16902399999998	1.1471487999999999	6.683520000000001	16.014015999999987
31.549999999999994	34.16902399999998	1.1471487999999999	6.683520000000001	16.014015999999987
31.566666666666663	33.52143999999998	1.1471487999999999	6.035936	16.014015999999987
31.58333333333333	33.52143999999998	1.1471487999999999	6.035936	16.014015999999987
31.599999999999994	33.52143999999998	1.1471487999999999	6.035936	16.014015999999987
31.61666666666666	32.873855999999975	1.1471487999999999	5.388352	16.014015999999987
31.63333333333333	32.873855999999975	1.1471487999999999	5.388352	16.014015999999987
31.649999999999995	32.873855999999975	1.1471487999999999	5.388352	16.014015999999987
31.66666666666666	32.22627199999997	1.1471487999999999	4.740768	16.014015999999987
31.68333333333333	32.22627199999997	1.1471487999999999	4.740768	16.014015999999987
31.699999999999996	31.57868799999997	1.1471487999999999	4.093184	16.014015999999987
31.71666666666666	31.57868799999997	1.1471487999999999	4.093184	16.014015999999987
31.733333333333327	31.57868799999997	1.1471487999999999	4.093184	16.014015999999987
31.749999999999996	31.57868799999997	1.1471487999999999	4.093184	16.014015999999987
31.766666666666662	31.084031999999972	1.0976831999999999	4.093184	16.014015999999987
31.783333333333328	31.084031999999972	1.0976831999999999	4.093184	16.014015999999987
31.799999999999994	31.084031999999972	1.0976831999999999	4.093184	16.014015999999987
31.816666666666663	30.589375999999973	1.0482175999999999	4.093184	16.014015999999987
31.83333333333333	30.589375999999973	1.0482175999999999	4.093184	16.014015999999987
31.849999999999994	30.589375999999973	1.0482175999999999	4.093184	16.014015999999987
31.86666666666666	30.589375999999973	1.0482175999999999	4.093184	16.014015999999987
31.88333333333333	30.094719999999974	0.9987519999999999	4.093184	16.014015999999987
31.899999999999995	30.094719999999974	0.9987519999999999	4.093184	16.014015999999987
31.91666666666666	30.094719999999974	0.9987519999999999	4.093184	16.014015999999987
31.93333333333333	29.600063999999975	0.9492863999999999	4.093184	16.014015999999987
31.949999999999996	29.600063999999975	0.9492863999999999	4.093184	16.014015999999987
31.96666666666666	29.600063999999975	0.9492863999999999	4.093184	16.014015999999987
31.983333333333327	29.600063999999975	0.9492863999999999	4.093184	16.014015999999987
31.999999999999996	29.105407999999976	0.8998207999999999	4.093184	16.014015999999987
32.016666666666666	29.105407999999976	0.8998207999999999	4.093184	16.014015999999987
32.03333333333333	29.105407999999976	0.8998207999999999	4.093184	16.014015999999987
32.05	29.105407999999976	0.8998207999999999	4.633152	15.474047999999986
32.06666666666666	28.610751999999977	0.8503551999999999	4.633152	15.474047999999986
32.08333333333333	28.610751999999977	0.7963583999999999	4.633152	16.014015999999987
32.099999999999994	28.610751999999977	0.7963583999999999	4.633152	16.014015999999987
32.11666666666666	28.116095999999978	0.7468927999999999	4.633152	16.014015999999987
32.133333333333326	28.116095999999978	0.7468927999999999	4.633152	16.014015999999987
32.14999999999999	28.116095999999978	0.7468927999999999	4.633152	16.014015999999987
32.16666666666666	27.62143999999998	0.6974271999999999	4.633152	16.014015999999987
32.18333333333333	27.62143999999998	0.6974271999999999	4.633152	16.014015999999987
32.199999999999996	27.62143999999998	0.6974271999999999	4.633152	16.014015999999987
32.21666666666666	27.62143999999998	0.6974271999999999	4.633152	16.014015999999987
32.23333333333333	27.12678399999998	0.6479615999999999	4.633152	16.014015999999987
32.25	27.12678399999998	0.6479615999999999	4.633152	16.014015999999987
32.266666666666666	27.12678399999998	0.6479615999999999	4.633152	16.014015999999987
32.28333333333333	26.63212799999998	0.6479615999999999	4.633152	15.519359999999988
32.3	26.63212799999998	0.6479615999999999	4.633152	15.519359999999988
32.31666666666666	26.63212799999998	0.6479615999999999	4.633152	15.519359999999988
32.33333333333333	26.13747199999998	0.6479615999999999	4.633152	15.02470399999999
32.349999999999994	26.13747199999998	0.6479615999999999	4.633152	15.02470399999999
32.36666666666666	26.13747199999998	0.6479615999999999	4.633152	15.02470399999999
32.383333333333326	26.13747199999998	0.6479615999999999	4.633152	15.02470399999999
32.39999999999999	25.642815999999982	0.6479615999999999	4.633152	14.53004799999999
32.41666666666666	25.642815999999982	0.6479615999999999	4.633152	14.53004799999999
32.43333333333333	25.642815999999982	0.6479615999999999	4.633152	14.53004799999999
32.449999999999996	25.148159999999983	0.6479615999999999	4.633152	14.035391999999991
32.46666666666666	25.148159999999983	0.6479615999999999	4.633152	14.035391999999991
32.48333333333333	25.148159999999983	0.6479615999999999	4.633152	14.035391999999991
32.5	24.653503999999984	0.6479615999999999	4.633152	13.540735999999992
32.516666666666666	24.653503999999984	0.6479615999999999	4.633152	13.540735999999992
32.53333333333333	24.653503999999984	0.6479615999999999	4.633152	13.540735999999992
32.55	24.653503999999984	0.6479615999999999	4.633152	13.540735999999992
32.56666666666666	24.158847999999985	0.6479615999999999	4.633152	13.046079999999993
32.58333333333333	24.158847999999985	0.6479615999999999	4.633152	13.046079999999993
32.599999999999994	23.664191999999986	0.6479615999999999	4.633152	12.551423999999994
32.61666666666666	23.664191999999986	0.6479615999999999	4.633152	12.551423999999994
32.633333333333326	23.664191999999986	0.6479615999999999	4.633152	12.551423999999994
32.64999999999999	23.169535999999987	0.6479615999999999	4.633152	12.056767999999995
32.66666666666666	23.169535999999987	0.6479615999999999	4.633152	12.056767999999995
32.68333333333333	23.169535999999987	0.6479615999999999	4.633152	12.056767999999995
32.699999999999996	23.169535999999987	0.6479615999999999	4.633152	12.056767999999995
32.71666666666666	22.674879999999987	0.6479615999999999	4.633152	11.562111999999996
32.73333333333333	22.674879999999987	0.6479615999999999	4.633152	11.562111999999996
32.75	22.674879999999987	0.6479615999999999	4.633152	11.562111999999996
32.766666666666666	22.18022399999999	0.6479615999999999	4.633152	11.067455999999996
32.78333333333333	22.18022399999999	0.6479615999999999	4.633152	11.067455999999996
32.8	22.18022399999999	0.6479615999999999	4.633152	11.067455999999996
32.81666666666666	21.68556799999999	0.6479615999999999	4.633152	10.572799999999997
32.83333333333333	21.68556799999999	0.5939648	4.633152	11.112767999999996
32.849999999999994	21.68556799999999	0.5939648	4.633152	11.112767999999996
32.86666666666666	21.68556799999999	0.5939648	4.633152	11.112767999999996
32.883333333333326	21.19091199999999	0.5939648	4.633152	10.618111999999996
32.89999999999999	21.19091199999999	0.5939648	5.17312	10.078143999999998
32.91666666666666	21.19091199999999	0.5939648	5.17312	10.078143999999998
32.93333333333332	20.69625599999999	0.5939648	5.17312	9.583488
32.949999999999996	20.69625599999999	0.5939648	5.17312	9.583488
32.96666666666666	20.201599999999992	0.5939648	5.17312	9.088832
32.98333333333333	20.201599999999992	0.5939648	5.17312	9.088832
33.0	20.201599999999992	0.5939648	5.17312	9.088832
33.016666666666666	20.201599999999992	0.5939648	5.17312	9.088832
33.03333333333333	19.706943999999993	0.5939648	5.17312	8.594176000000001
33.05	19.706943999999993	0.5939648	5.17312	8.594176000000001
33.06666666666666	19.706943999999993	0.5939648	5.17312	8.594176000000001
33.08333333333333	19.706943999999993	0.5939648	5.17312	8.594176000000001
33.099999999999994	19.212287999999994	0.5939648	5.17312	8.09952
33.11666666666666	19.212287999999994	0.5939648	5.17312	8.09952
33.133333333333326	19.212287999999994	0.5939648	5.17312	8.09952
33.14999999999999	18.717631999999995	0.5939648	4.678464	8.09952
33.16666666666666	18.717631999999995	0.5939648	4.678464	8.09952
33.18333333333332	18.717631999999995	0.5939648	4.678464	8.09952
33.199999999999996	18.222975999999996	0.5939648	4.183808	8.09952
33.21666666666666	18.222975999999996	0.5939648	4.183808	8.09952
33.23333333333333	18.222975999999996	0.5939648	4.183808	8.09952
33.25	17.728319999999997	0.5939648	3.689152	8.09952
33.266666666666666	17.728319999999997	0.5939648	3.689152	8.09952
33.28333333333333	17.728319999999997	0.5939648	3.689152	8.09952
33.3	17.728319999999997	0.5939648	3.689152	8.09952
33.31666666666666	17.233663999999997	0.5939648	3.194496	8.09952
33.33333333333333	17.233663999999997	0.5939648	3.194496	8.09952
33.349999999999994	17.233663999999997	0.5939648	3.194496	8.09952
33.36666666666666	16.739008	0.5939648	2.69984	8.09952
33.383333333333326	16.739008	0.5939648	2.69984	8.09952
33.39999999999999	16.739008	0.5939648	2.69984	8.09952
33.41666666666666	16.19904	0.539968	2.69984	8.09952
33.43333333333332	16.19904	0.539968	2.69984	8.09952
33.449999999999996	16.19904	0.539968	2.69984	8.09952
33.46666666666666	16.19904	0.539968	2.69984	8.09952
33.48333333333333	15.659072	0.48597120000000005	2.69984	8.09952
33.5	15.659072	0.48597120000000005	2.69984	8.09952
33.516666666666666	15.659072	0.48597120000000005	2.69984	8.09952
33.53333333333333	15.119104	0.43197440000000004	2.69984	8.09952
33.55	15.119104	0.43197440000000004	2.69984	8.09952
33.56666666666666	14.579136	0.3779776	2.69984	8.09952
33.58333333333333	14.579136	0.3779776	2.69984	8.09952
33.599999999999994	14.579136	0.3779776	2.69984	8.09952
33.61666666666666	14.039168	0.3239808	2.69984	8.09952
33.633333333333326	14.039168	0.3239808	2.69984	8.09952
33.64999999999999	14.039168	0.269984	2.69984	8.639488
33.66666666666666	14.039168	0.269984	2.69984	8.639488
33.68333333333332	13.4992	0.21598720000000002	2.69984	8.639488
33.699999999999996	13.4992	0.21598720000000002	2.69984	8.639488
33.71666666666666	13.4992	0.21598720000000002	2.69984	8.639488
33.73333333333333	12.959232	0.1619904	2.69984	8.639488
33.74999999999999	12.959232	0.1619904	2.69984	8.639488
33.766666666666666	12.959232	0.1619904	2.69984	8.639488
33.78333333333333	12.419264	0.10799360000000001	2.69984	8.639488
33.8	12.419264	0.10799360000000001	2.69984	8.639488
33.81666666666666	12.419264	0.10799360000000001	2.69984	8.639488
33.83333333333333	11.879296	0.10799360000000001	2.69984	8.09952
33.849999999999994	11.879296	0.10799360000000001	2.69984	8.09952
33.86666666666666	11.879296	0.10799360000000001	2.69984	8.09952
33.883333333333326	11.339328	0.10799360000000001	2.69984	7.559552
33.89999999999999	11.339328	0.10799360000000001	2.69984	7.559552
33.91666666666666	11.339328	0.10799360000000001	2.69984	7.559552
33.93333333333332	11.339328	0.10799360000000001	2.69984	7.559552
33.949999999999996	10.79936	0.10799360000000001	2.69984	7.019584
33.96666666666666	10.79936	0.10799360000000001	2.69984	7.019584
33.98333333333333	10.79936	0.10799360000000001	2.69984	7.019584
33.99999999999999	10.259392	0.10799360000000001	2.69984	6.479616
34.016666666666666	10.259392	0.10799360000000001	2.69984	6.479616
34.03333333333333	9.719424	0.10799360000000001	2.69984	5.939648
34.05	9.719424	0.10799360000000001	2.69984	5.939648
34.06666666666666	9.719424	0.10799360000000001	2.69984	5.939648
34.08333333333333	9.719424	0.10799360000000001	2.69984	5.939648
34.099999999999994	9.179456	0.10799360000000001	2.69984	5.39968
34.11666666666666	9.179456	0.10799360000000001	2.69984	5.39968
34.133333333333326	9.179456	0.10799360000000001	2.69984	5.39968
34.14999999999999	8.639488	0.10799360000000001	2.69984	4.859712
34.16666666666666	8.639488	0.10799360000000001	2.69984	4.859712
34.18333333333332	8.639488	0.10799360000000001	2.69984	4.859712
34.199999999999996	8.09952	0.10799360000000001	2.69984	4.319744
34.21666666666666	8.09952	0.10799360000000001	2.69984	4.319744
34.23333333333333	8.09952	0.10799360000000001	2.69984	4.319744
34.24999999999999	8.09952	0.10799360000000001	2.69984	4.319744
34.266666666666666	7.559552	0.10799360000000001	2.69984	3.779776
34.28333333333333	7.559552	0.10799360000000001	2.69984	3.779776
34.3	7.559552	0.10799360000000001	2.69984	3.779776
34.31666666666666	7.019584	0.10799360000000001	2.69984	3.239808
34.33333333333333	7.019584	0.10799360000000001	2.69984	3.239808
34.349999999999994	7.019584	0.10799360000000001	2.69984	3.239808
34.36666666666666	6.479616	0.10799360000000001	2.69984	2.69984
34.383333333333326	6.479616	0.10799360000000001	2.69984	2.69984
34.39999999999999	6.479616	0.10799360000000001	2.69984	2.69984
34.41666666666666	5.939648	0.10799360000000001	2.69984	2.159872
34.43333333333332	5.939648	0.10799360000000001	2.69984	2.159872
34.449999999999996	5.39968	0.10799360000000001	2.69984	1.619904
34.46666666666666	5.39968	0.10799360000000001	2.69984	1.619904
34.48333333333333	5.39968	0.10799360000000001	2.69984	1.619904
34.49999999999999	4.859712	0.10799360000000001	2.69984	1.079936
34.516666666666666	4.859712	0.10799360000000001	2.69984	1.079936
34.53333333333333	4.859712	0.10799360000000001	2.69984	1.079936
34.55	4.319744	0.10799360000000001	2.69984	0.539968
34.56666666666666	4.319744	0.10799360000000001	2.69984	0.539968
34.58333333333333	4.319744	0.10799360000000001	2.69984	0.539968
34.599999999999994	4.319744	0.10799360000000001	2.69984	0.539968
34.61666666666666	3.779776	0.10799360000000001	2.69984	0.0
34.633333333333326	3.779776	0.10799360000000001	2.69984	0.0
34.64999999999999	3.779776	0.10799360000000001	2.69984	0.0
34.66666666666666	3.239808	0.10799360000000001	2.159872	0.0
34.68333333333332	3.239808	0.10799360000000001	2.159872	0.0
34.699999999999996	3.239808	0.10799360000000001	2.159872	0.0
34.71666666666666	2.69984	0.10799360000000001	1.619904	0.0
34.73333333333333	2.69984	0.10799360000000001	1.619904	0.0
34.74999999999999	2.69984	0.10799360000000001	1.619904	0.0
34.766666666666666	2.159872	0.10799360000000001	1.079936	0.0
34.78333333333333	2.159872	0.10799360000000001	1.079936	0.0
34.8	2.159872	0.10799360000000001	1.079936	0.0
34.81666666666666	1.619904	0.10799360000000001	0.539968	0.0
34.83333333333333	1.619904	0.10799360000000001	0.539968	0.0
34.849999999999994	1.619904	0.10799360000000001	0.539968	0.0
34.86666666666666	1.079936	0.10799360000000001	0.0	0.0
34.883333333333326	1.079936	0.10799360000000001	0.0	0.0
34.89999999999999	1.079936	0.10799360000000001	0.0	0.0
34.91666666666666	0.539968	0.053996800000000005	0.0	0.0
34.93333333333332	0.539968	0.053996800000000005	0.0	0.0
34.949999999999996	0.0	0.0	0.0	0.0
34.96666666666666	0.0	0.0	0.0	0.0
34.98333333333333	0.0	0.0	0.0	0.0
34.99999999999999	0.0	0.0	0.0	0.0
35.016666666666666	0.0	0.0	0.0	0.0
35.03333333333333	0.0	0.0	0.0	0.0
35.05	0.0	0.0	0.0	0.0
35.06666666666666	0.0	0.0	0.0	0.0
35.08333333333333	0.0	0.0	0.0	0.0
35.099999999999994	0.0	0.0	0.0	0.0
35.11666666666666	0.0	0.0	0.0	0.0
35.133333333333326	0.0	0.0	0.0	0.0
35.14999999999999	0.0	0.0	0.0	0.0
35.16666666666666	0.0	0.0	0.0	0.0
35.18333333333332	0.0	0.0	0.0	0.0
35.199999999999996	0.0	0.0	0.0	0.0
35.21666666666666	0.0	0.0	0.0	0.0
35.23333333333333	0.0	0.0	0.0	0.0
35.24999999999999	0.0	0.0	0.0	0.0
35.266666666666666	0.0	0.0	0.0	0.0
35.28333333333333	0.0	0.0	0.0	0.0
35.3	0.0	0.0	0.0	0.0
35.31666666666666	0.0	0.0	0.0	0.0
35.33333333333333	0.0	0.0	0.0	0.0
35.349999999999994	0.0	0.0	0.0	0.0
35.36666666666666	0.0	0.0	0.0	0.0
35.383333333333326	0.0	0.0	0.0	0.0
35.39999999999999	0.0	0.0	0.0	0.0
35.41666666666666	0.0	0.0	0.0	0.0
35.43333333333332	0.0	0.0	0.0	0.0
35.449999999999996	0.0	0.0	0.0	0.0
35.46666666666666	0.0	0.0	0.0	0.0
35.48333333333333	0.0	0.0	0.0	0.0
35.49999999999999	0.0	0.0	0.0	0.0
35.516666666666666	0.0	0.0	0.0	0.0
35.53333333333333	0.0	0.0	0.0	0.0
35.55	0.0	0.0	0.0	0.0
35.56666666666666	0.0	0.0	0.0	0.0
35.58333333333333	0.0	0.0	0.0	0.0
35.599999999999994	0.0	0.0	0.0	0.0
35.61666666666666	0.0	0.0	0.0	0.0
35.633333333333326	0.0	0.0	0.0	0.0
35.64999999999999	0.0	0.0	0.0	0.0
35.66666666666666	0.0	0.0	0.0	0.0
35.68333333333332	0.0	0.0	0.0	0.0
35.699999999999996	0.0	0.0	0.0	0.0
35.71666666666666	0.0	0.0	0.0	0.0
35.73333333333333	0.0	0.0	0.0	0.0
35.74999999999999	0.0	0.0	0.0	0.0
35.766666666666666	0.0	0.0	0.0	0.0
35.78333333333333	0.0	0.0	0.0	0.0
35.8	0.0	0.0	0.0	0.0
35.81666666666666	0.0	0.0	0.0	0.0
35.83333333333333	0.0	0.0	0.0	0.0
35.849999999999994	0.0	0.0	0.0	0.0
35.86666666666666	0.0	0.0	0.0	0.0
35.883333333333326	0.0	0.0	0.0	0.0
35.89999999999999	0.0	0.0	0.0	0.0
35.91666666666666	0.0	0.0	0.0	0.0
35.93333333333332	0.0	0.0	0.0	0.0
35.949999999999996	0.0	0.0	0.0	0.0
35.96666666666666	0.0	0.0	0.0	0.0
35.98333333333333	0.0	0.0	0.0	0.0
35.99999999999999	0.0	0.0	0.0	0.0
36.016666666666666	0.0	0.0	0.0	0.0
36.03333333333333	0.0	0.0	0.0	0.0
36.05	0.0	0.0	0.0	0.0
36.06666666666666	0.0	0.0	0.0	0.0
36.08333333333333	0.0	0.0	0.0	0.0
36.099999999999994	0.0	0.0	0.0	0.0
